Parameter	Estimate	SE	z	pval	CI_Leftlim	CI_Rightlim	CONVERGED	GO_term	term_size	prop_rep
1	a1	1.20689159821595	0.779607514805797	1.54807589113169	0.121604025828589	-0.321111052880191	2.73489424931209	1	GO:0009994	4	0.75
2	a1	1.26022351270319	0.817129191865748	1.54225736303182	0.123011065506216	-0.341320274069995	2.86176729947638	1	GO:0043933	2	1
3	a1	1.26022351270319	0.817129191865748	1.54225736303182	0.123011065506216	-0.341320274069995	2.86176729947638	1	GO:0014866	2	1
4	a1	1.25932466036873	0.817227298065742	1.54097233823365	0.123323518445503	-0.342411411023102	2.86106073176057	1	GO:1903518	2	1
5	a1	0.908359008706882	0.756032221898723	1.20148187126946	0.229564334584658	-0.573436917366409	2.39015493478017	1	GO:1905146	8	0.75
6	a1	0.517444580467744	0.910752504676721	0.568150598335621	0.569932712892282	-1.26759752752828	2.30248668846376	1	GO:0044334	2	1
7	a1	0.517444580467744	0.910752504676721	0.568150598335621	0.569932712892282	-1.26759752752828	2.30248668846376	1	GO:0044336	2	1
8	a1	0.517444580467744	0.910752504676721	0.568150598335621	0.569932712892282	-1.26759752752828	2.30248668846376	1	GO:0051884	2	1
9	a1	0.063443625736753	0.995965035642243	0.063700655611712	0.949208582706404	-1.8886119739832	2.0154992254567	0	GO:0031460	1	1
10	a1	0.00214414109482919	0.999913952726927	0.00214432560820035	0.998289077015058	-1.95765119388903	1.96193947607869	0	GO:0045186	1	1
11	a1	0.0021441410241089	0.999913952729765	0.0021443255374679	0.998289077071494	-1.95765119396532	1.96193947601354	0	GO:0048635	1	1
12	a1	0.0021441410241089	0.999913952729765	0.0021443255374679	0.998289077071494	-1.95765119396532	1.96193947601354	0	GO:2000689	1	1
13	a1	0.0021441410241089	0.999913952729765	0.0021443255374679	0.998289077071494	-1.95765119396532	1.96193947601354	0	GO:2000983	1	1
14	a1	0.00214414098815042	0.999913952728196	0.00214432550150968	0.998289077100185	-1.9576511939982	1.9619394759745	0	GO:0018874	1	1
15	a1	0.00214414098815042	0.999913952728196	0.00214432550150968	0.998289077100185	-1.9576511939982	1.9619394759745	0	GO:0019605	1	1
16	a1	0.00214413758582922	0.99991395273043	0.00214432209889091	0.998289079815075	-1.9576511974049	1.96193947257656	0	GO:0042247	1	1
17	a1	0.00214413670044929	0.999913952727416	0.00214432121344125	0.99828908052156	-1.95765119828437	1.96193947168527	0	GO:0045887	1	1
18	a1	0.00214405249984013	0.999913952748361	0.00214423700554132	0.998289147709589	-1.95765128252603	1.96193938752571	0	GO:1904877	1	1
19	a1	0.00214383403232643	0.999913952804225	0.00214401851910768	0.998289322036141	-1.95765150110304	1.96193916916769	0	GO:0060837	1	1
20	a1	0.00214166997256827	0.999913964998057	0.00214185424700257	0.998291048871474	-1.95765368906227	1.9619370290074	0	GO:0035581	1	1
21	a1	0.00214155077932697	0.999913967445032	0.00214173503826438	0.998291143986067	-1.95765381305149	1.96193691461015	0	GO:0006392	1	1
22	a1	0.00214020780233015	0.999914004531267	0.00214039186633197	0.998292215679758	-1.95765522871617	1.96193564432083	0	GO:1902073	1	1
23	a1	0.00213870103839401	0.999914056060872	0.00213888486258444	0.998293418092029	-1.95765683647628	1.96193423855307	0	GO:0010813	1	1
24	a1	0.00213870103839401	0.999914056060872	0.00213888486258444	0.998293418092029	-1.95765683647628	1.96193423855307	0	GO:0060448	1	1
25	a1	0.00187604656930679	0.999924664270444	0.00187618791329202	0.998503019509068	-1.95794028265407	1.96169237579268	0	GO:0046041	1	1
26	a1	0.00187604656930679	0.999924664270444	0.00187618791329202	0.998503019509068	-1.95794028265407	1.96169237579268	0	GO:0046051	1	1
27	a1	0.00175814849832465	0.999929386533611	0.00175827265605175	0.998597102116903	-1.95806743619078	1.96158373318743	0	GO:0035272	1	1
28	a1	0.00173712082163397	0.999929647051384	0.00173724304180442	0.998613881295803	-1.95808897447293	1.96156321611619	0	GO:0061324	1	1
29	a1	0.00173712082163397	0.999929647051384	0.00173724304180442	0.998613881295803	-1.95808897447293	1.96156321611619	0	GO:0072497	1	1
30	a1	0.00173712082163397	0.999929647051384	0.00173724304180442	0.998613881295803	-1.95808897447293	1.96156321611619	0	GO:0001840	1	1
31	a1	0.00173712082163397	0.999929647051384	0.00173724304180442	0.998613881295803	-1.95808897447293	1.96156321611619	0	GO:0007403	1	1
32	a1	0.00173712082163397	0.999929647051384	0.00173724304180442	0.998613881295803	-1.95808897447293	1.96156321611619	0	GO:0060479	1	1
33	a1	0.00173712082163397	0.999929647051384	0.00173724304180442	0.998613881295803	-1.95808897447293	1.96156321611619	0	GO:0061550	1	1
34	a1	0.00173712082163397	0.999929647051384	0.00173724304180442	0.998613881295803	-1.95808897447293	1.96156321611619	0	GO:1904796	1	1
35	a1	-0.00114939751943683	0.999913915703916	-0.00114949647303156	0.999082834713452	-1.96094465993953	1.95864586490066	0	GO:0010886	7	0.857142857142857
36	a1	-0.00114939751943683	0.999913915703916	-0.00114949647303156	0.999082834713452	-1.96094465993953	1.95864586490066	0	GO:1901687	8	0.75
37	a1	-0.00111795541453503	0.999913917166444	-0.00111805165958995	0.999107924028488	-1.96091322070113	1.95867730987206	0	GO:0050667	7	0.714285714285714
38	a1	-0.00111795541453503	0.999913917166444	-0.00111805165958995	0.999107924028488	-1.96091322070113	1.95867730987206	0	GO:0006266	7	0.714285714285714
39	a1	-0.00111795541453503	0.999913917166444	-0.00111805165958995	0.999107924028488	-1.96091322070113	1.95867730987206	0	GO:0007198	7	0.714285714285714
40	a1	-0.00107947756145504	0.999913919393935	-0.00107957049153724	0.999138627539822	-1.96087474721385	1.95871579209094	0	GO:1903670	5	0.8
41	a1	-0.00107947756145504	0.999913919393935	-0.00107957049153724	0.999138627539822	-1.96087474721385	1.95871579209094	0	GO:0001919	5	0.8
42	a1	-0.00107947756145504	0.999913919393935	-0.00107957049153724	0.999138627539822	-1.96087474721385	1.95871579209094	0	GO:0097052	5	0.8
43	a1	-0.00107947756145504	0.999913919393935	-0.00107957049153724	0.999138627539822	-1.96087474721385	1.95871579209094	0	GO:0036101	5	0.8
44	a1	-0.00107947756145504	0.999913919393935	-0.00107957049153724	0.999138627539822	-1.96087474721385	1.95871579209094	0	GO:0042361	4	1
45	a1	-0.00107947756145504	0.999913919393935	-0.00107957049153724	0.999138627539822	-1.96087474721385	1.95871579209094	0	GO:0042376	4	1
46	a1	-0.00107947756145504	0.999913919393935	-0.00107957049153724	0.999138627539822	-1.96087474721385	1.95871579209094	0	GO:0042377	4	1
47	a1	-0.00107947756145504	0.999913919393935	-0.00107957049153724	0.999138627539822	-1.96087474721385	1.95871579209094	0	GO:0018916	4	1
48	a1	-0.00102987482530289	0.999913923092764	-0.00102996348137394	0.999178208185317	-1.96082515172727	1.95876540207667	0	GO:0014005	4	0.75
49	a1	-0.00102987482530289	0.999913923092764	-0.00102996348137394	0.999178208185317	-1.96082515172727	1.95876540207667	0	GO:0007320	4	0.75
50	a1	-0.00102987482530289	0.999913923092764	-0.00102996348137394	0.999178208185317	-1.96082515172727	1.95876540207667	0	GO:0051972	4	0.75
51	a1	-0.00102987482530289	0.999913923092764	-0.00102996348137394	0.999178208185317	-1.96082515172727	1.95876540207667	0	GO:0098885	4	0.75
52	a1	-0.00102987482530289	0.999913923092764	-0.00102996348137394	0.999178208185317	-1.96082515172727	1.95876540207667	0	GO:0019344	4	0.75
53	a1	-0.00102987482530289	0.999913923092764	-0.00102996348137394	0.999178208185317	-1.96082515172727	1.95876540207667	0	GO:0032324	4	0.75
54	a1	-0.00102987482530289	0.999913923092764	-0.00102996348137394	0.999178208185317	-1.96082515172727	1.95876540207667	0	GO:0071726	4	0.75
55	a1	-0.00102987482530289	0.999913923092764	-0.00102996348137394	0.999178208185317	-1.96082515172727	1.95876540207667	0	GO:0009637	4	0.75
56	a1	-0.00102987482530289	0.999913923092764	-0.00102996348137394	0.999178208185317	-1.96082515172727	1.95876540207667	0	GO:1990048	3	1
57	a1	-0.00102987482530289	0.999913923092764	-0.00102996348137394	0.999178208185317	-1.96082515172727	1.95876540207667	0	GO:1990049	4	0.75
58	a1	-0.00102987482530289	0.999913923092764	-0.00102996348137394	0.999178208185317	-1.96082515172727	1.95876540207667	0	GO:1990410	4	0.75
59	a1	-0.00102987482530289	0.999913923092764	-0.00102996348137394	0.999178208185317	-1.96082515172727	1.95876540207667	0	GO:0051170	4	0.75
60	a1	-0.00102987482530289	0.999913923092764	-0.00102996348137394	0.999178208185317	-1.96082515172727	1.95876540207667	0	GO:1904751	4	0.75
61	a1	-0.00102987482530289	0.999913923092764	-0.00102996348137394	0.999178208185317	-1.96082515172727	1.95876540207667	0	GO:0072014	4	0.75
62	a1	-0.00102987482530289	0.999913923092764	-0.00102996348137394	0.999178208185317	-1.96082515172727	1.95876540207667	0	GO:0034381	4	0.75
63	a1	-0.00102987482530289	0.999913923092764	-0.00102996348137394	0.999178208185317	-1.96082515172727	1.95876540207667	0	GO:0031664	4	0.75
64	a1	-0.00102987482530289	0.999913923092764	-0.00102996348137394	0.999178208185317	-1.96082515172727	1.95876540207667	0	GO:0097053	4	0.75
65	a1	-0.00102987482530289	0.999913923092764	-0.00102996348137394	0.999178208185317	-1.96082515172727	1.95876540207667	0	GO:0006642	4	0.75
66	a1	-0.00102987482530289	0.999913923092764	-0.00102996348137394	0.999178208185317	-1.96082515172727	1.95876540207667	0	GO:0001922	4	0.75
67	a1	-0.00102987482530289	0.999913923092764	-0.00102996348137394	0.999178208185317	-1.96082515172727	1.95876540207667	0	GO:0072137	4	0.75
68	a1	-0.00102987482530289	0.999913923092764	-0.00102996348137394	0.999178208185317	-1.96082515172727	1.95876540207667	0	GO:0009097	3	1
69	a1	-0.00102987482530289	0.999913923092764	-0.00102996348137394	0.999178208185317	-1.96082515172727	1.95876540207667	0	GO:1902749	4	0.75
70	a1	-0.00102987482530289	0.999913923092764	-0.00102996348137394	0.999178208185317	-1.96082515172727	1.95876540207667	0	GO:0035809	4	0.75
71	a1	-0.00102987482530289	0.999913923092764	-0.00102996348137394	0.999178208185317	-1.96082515172727	1.95876540207667	0	GO:0044278	4	0.75
72	a1	-0.00102987482530289	0.999913923092764	-0.00102996348137394	0.999178208185317	-1.96082515172727	1.95876540207667	0	GO:1905671	4	0.75
73	a1	-0.00102987482530289	0.999913923092764	-0.00102996348137394	0.999178208185317	-1.96082515172727	1.95876540207667	0	GO:0046500	4	0.75
74	a1	-0.00102987482530289	0.999913923092764	-0.00102996348137394	0.999178208185317	-1.96082515172727	1.95876540207667	0	GO:0002826	4	0.75
75	a1	-0.00102987482530289	0.999913923092764	-0.00102996348137394	0.999178208185317	-1.96082515172727	1.95876540207667	0	GO:0003177	4	0.75
76	a1	-0.00102987482530289	0.999913923092764	-0.00102996348137394	0.999178208185317	-1.96082515172727	1.95876540207667	0	GO:1903373	4	0.75
77	a1	-0.00102987482530289	0.999913923092764	-0.00102996348137394	0.999178208185317	-1.96082515172727	1.95876540207667	0	GO:0034766	3	1
78	a1	-0.00102987482530289	0.999913923092764	-0.00102996348137394	0.999178208185317	-1.96082515172727	1.95876540207667	0	GO:0071663	3	1
79	a1	-0.00102987482530289	0.999913923092764	-0.00102996348137394	0.999178208185317	-1.96082515172727	1.95876540207667	0	GO:1903659	4	0.75
80	a1	-0.000959962164441535	0.999913930522042	-0.000960044794995857	0.999233995198063	-1.96075525362753	1.95883532929865	0	GO:0046208	2	1
81	a1	-0.000959962164441535	0.999913930522042	-0.000960044794995857	0.999233995198063	-1.96075525362753	1.95883532929865	0	GO:0006598	2	1
82	a1	-0.000959962164441535	0.999913930522042	-0.000960044794995857	0.999233995198063	-1.96075525362753	1.95883532929865	0	GO:2000403	2	1
83	a1	-0.000959962164441535	0.999913930522042	-0.000960044794995857	0.999233995198063	-1.96075525362753	1.95883532929865	0	GO:0098814	2	1
84	a1	-0.000959962164441535	0.999913930522042	-0.000960044794995857	0.999233995198063	-1.96075525362753	1.95883532929865	0	GO:0036265	2	1
85	a1	-0.000959962164441535	0.999913930522042	-0.000960044794995857	0.999233995198063	-1.96075525362753	1.95883532929865	0	GO:0106004	2	1
86	a1	-0.000959962164441535	0.999913930522042	-0.000960044794995857	0.999233995198063	-1.96075525362753	1.95883532929865	0	GO:0070453	2	1
87	a1	-0.000959962164441535	0.999913930522042	-0.000960044794995857	0.999233995198063	-1.96075525362753	1.95883532929865	0	GO:0018958	2	1
88	a1	-0.000959962164441535	0.999913930522042	-0.000960044794995857	0.999233995198063	-1.96075525362753	1.95883532929865	0	GO:0014051	2	1
89	a1	-0.000959962164441535	0.999913930522042	-0.000960044794995857	0.999233995198063	-1.96075525362753	1.95883532929865	0	GO:0006542	2	1
90	a1	-0.000959962164441535	0.999913930522042	-0.000960044794995857	0.999233995198063	-1.96075525362753	1.95883532929865	0	GO:0031106	2	1
91	a1	-0.000959962164441535	0.999913930522042	-0.000960044794995857	0.999233995198063	-1.96075525362753	1.95883532929865	0	GO:2000502	2	1
92	a1	-0.000959962164441535	0.999913930522042	-0.000960044794995857	0.999233995198063	-1.96075525362753	1.95883532929865	0	GO:1905818	2	1
93	a1	-0.000959962164441535	0.999913930522042	-0.000960044794995857	0.999233995198063	-1.96075525362753	1.95883532929865	0	GO:1905793	2	1
94	a1	-0.000959962164441535	0.999913930522042	-0.000960044794995857	0.999233995198063	-1.96075525362753	1.95883532929865	0	GO:0110025	2	1
95	a1	-0.000959962164441535	0.999913930522042	-0.000960044794995857	0.999233995198063	-1.96075525362753	1.95883532929865	0	GO:2000098	2	1
96	a1	-0.000959962164441535	0.999913930522042	-0.000960044794995857	0.999233995198063	-1.96075525362753	1.95883532929865	0	GO:0019878	2	1
97	a1	-0.000959962164441535	0.999913930522042	-0.000960044794995857	0.999233995198063	-1.96075525362753	1.95883532929865	0	GO:0002540	2	1
98	a1	-0.000959962164441535	0.999913930522042	-0.000960044794995857	0.999233995198063	-1.96075525362753	1.95883532929865	0	GO:0010257	2	1
99	a1	-0.000959962164441535	0.999913930522042	-0.000960044794995857	0.999233995198063	-1.96075525362753	1.95883532929865	0	GO:0002121	2	1
100	a1	-0.000959962164441535	0.999913930522042	-0.000960044794995857	0.999233995198063	-1.96075525362753	1.95883532929865	0	GO:0001828	2	1
101	a1	-0.000959962164441535	0.999913930522042	-0.000960044794995857	0.999233995198063	-1.96075525362753	1.95883532929865	0	GO:1902473	2	1
102	a1	-0.000959962164441535	0.999913930522042	-0.000960044794995857	0.999233995198063	-1.96075525362753	1.95883532929865	0	GO:1904219	2	1
103	a1	-0.000959962164441535	0.999913930522042	-0.000960044794995857	0.999233995198063	-1.96075525362753	1.95883532929865	0	GO:1904222	2	1
104	a1	-0.000959962164441535	0.999913930522042	-0.000960044794995857	0.999233995198063	-1.96075525362753	1.95883532929865	0	GO:0030328	2	1
105	a1	-0.000959962164441535	0.999913930522042	-0.000960044794995857	0.999233995198063	-1.96075525362753	1.95883532929865	0	GO:1904674	2	1
106	a1	-0.000959962164441535	0.999913930522042	-0.000960044794995857	0.999233995198063	-1.96075525362753	1.95883532929865	0	GO:0046370	2	1
107	a1	-0.000959962164441535	0.999913930522042	-0.000960044794995857	0.999233995198063	-1.96075525362753	1.95883532929865	0	GO:0070895	2	1
108	a1	-0.000959962164441535	0.999913930522042	-0.000960044794995857	0.999233995198063	-1.96075525362753	1.95883532929865	0	GO:1904666	2	1
109	a1	-0.000959962164441535	0.999913930522042	-0.000960044794995857	0.999233995198063	-1.96075525362753	1.95883532929865	0	GO:0071878	2	1
110	a1	-0.000959962164441535	0.999913930522042	-0.000960044794995857	0.999233995198063	-1.96075525362753	1.95883532929865	0	GO:0034477	2	1
111	a1	-0.000959962164441535	0.999913930522042	-0.000960044794995857	0.999233995198063	-1.96075525362753	1.95883532929865	0	GO:0032472	2	1
112	a1	-0.000959962164441535	0.999913930522042	-0.000960044794995857	0.999233995198063	-1.96075525362753	1.95883532929865	0	GO:0032468	2	1
113	a1	-0.000959962164441535	0.999913930522042	-0.000960044794995857	0.999233995198063	-1.96075525362753	1.95883532929865	0	GO:0006545	2	1
114	a1	-0.000959962164441535	0.999913930522042	-0.000960044794995857	0.999233995198063	-1.96075525362753	1.95883532929865	0	GO:0031427	2	1
115	a1	-0.000959962164441535	0.999913930522042	-0.000960044794995857	0.999233995198063	-1.96075525362753	1.95883532929865	0	GO:0062029	2	1
116	a1	-0.000959962164441535	0.999913930522042	-0.000960044794995857	0.999233995198063	-1.96075525362753	1.95883532929865	0	GO:0070911	2	1
117	a1	-0.000959962164441535	0.999913930522042	-0.000960044794995857	0.999233995198063	-1.96075525362753	1.95883532929865	0	GO:0006581	2	1
118	a1	-0.000959962164441535	0.999913930522042	-0.000960044794995857	0.999233995198063	-1.96075525362753	1.95883532929865	0	GO:0006429	2	1
119	a1	-0.000959962164441535	0.999913930522042	-0.000960044794995857	0.999233995198063	-1.96075525362753	1.95883532929865	0	GO:1901740	2	1
120	a1	-0.000959962164441535	0.999913930522042	-0.000960044794995857	0.999233995198063	-1.96075525362753	1.95883532929865	0	GO:0035358	2	1
121	a1	-0.000959962164441535	0.999913930522042	-0.000960044794995857	0.999233995198063	-1.96075525362753	1.95883532929865	0	GO:0106230	2	1
122	a1	-0.000959962164441535	0.999913930522042	-0.000960044794995857	0.999233995198063	-1.96075525362753	1.95883532929865	0	GO:0090646	2	1
123	a1	-0.000959962164441535	0.999913930522042	-0.000960044794995857	0.999233995198063	-1.96075525362753	1.95883532929865	0	GO:1990613	2	1
124	a1	-0.000959962164441535	0.999913930522042	-0.000960044794995857	0.999233995198063	-1.96075525362753	1.95883532929865	0	GO:0006427	2	1
125	a1	-0.000959962164441535	0.999913930522042	-0.000960044794995857	0.999233995198063	-1.96075525362753	1.95883532929865	0	GO:2000609	2	1
126	a1	-0.000959962164441535	0.999913930522042	-0.000960044794995857	0.999233995198063	-1.96075525362753	1.95883532929865	0	GO:0031649	2	1
127	a1	-0.000959962164441535	0.999913930522042	-0.000960044794995857	0.999233995198063	-1.96075525362753	1.95883532929865	0	GO:0072679	2	1
128	a1	-0.000959962164441535	0.999913930522042	-0.000960044794995857	0.999233995198063	-1.96075525362753	1.95883532929865	0	GO:0044546	2	1
129	a1	-0.000840412188408339	0.999913952733277	-0.000840484509803131	0.999329390464989	-1.96063574718472	1.9589549228079	0	GO:0035270	1	1
130	a1	-0.000840412188408339	0.999913952733277	-0.000840484509803131	0.999329390464989	-1.96063574718472	1.9589549228079	0	GO:1900753	1	1
131	a1	-0.000840412188408339	0.999913952733277	-0.000840484509803131	0.999329390464989	-1.96063574718472	1.9589549228079	0	GO:1902983	1	1
132	a1	-0.000840412188408339	0.999913952733277	-0.000840484509803131	0.999329390464989	-1.96063574718472	1.9589549228079	0	GO:1901339	1	1
133	a1	-0.000840412188408339	0.999913952733277	-0.000840484509803131	0.999329390464989	-1.96063574718472	1.9589549228079	0	GO:0062026	1	1
134	a1	-0.000840412188408339	0.999913952733277	-0.000840484509803131	0.999329390464989	-1.96063574718472	1.9589549228079	0	GO:0009070	1	1
135	a1	-0.000840412188408339	0.999913952733277	-0.000840484509803131	0.999329390464989	-1.96063574718472	1.9589549228079	0	GO:1904530	1	1
136	a1	-0.000840412188408339	0.999913952733277	-0.000840484509803131	0.999329390464989	-1.96063574718472	1.9589549228079	0	GO:1903621	1	1
137	a1	-0.000840412188408339	0.999913952733277	-0.000840484509803131	0.999329390464989	-1.96063574718472	1.9589549228079	0	GO:0080129	1	1
138	a1	-0.000840412188408339	0.999913952733277	-0.000840484509803131	0.999329390464989	-1.96063574718472	1.9589549228079	0	GO:0000461	1	1
139	a1	-0.000840412188408339	0.999913952733277	-0.000840484509803131	0.999329390464989	-1.96063574718472	1.9589549228079	0	GO:0002664	1	1
140	a1	-0.000840412188408339	0.999913952733277	-0.000840484509803131	0.999329390464989	-1.96063574718472	1.9589549228079	0	GO:0048934	1	1
141	a1	-0.000840412188408339	0.999913952733277	-0.000840484509803131	0.999329390464989	-1.96063574718472	1.9589549228079	0	GO:0051355	1	1
142	a1	-0.000840412188408339	0.999913952733277	-0.000840484509803131	0.999329390464989	-1.96063574718472	1.9589549228079	0	GO:1902369	1	1
143	a1	-0.000840412188408339	0.999913952733277	-0.000840484509803131	0.999329390464989	-1.96063574718472	1.9589549228079	0	GO:0051455	1	1
144	a1	-0.000840412188408339	0.999913952733277	-0.000840484509803131	0.999329390464989	-1.96063574718472	1.9589549228079	0	GO:0035645	1	1
145	a1	-0.000840412188408339	0.999913952733277	-0.000840484509803131	0.999329390464989	-1.96063574718472	1.9589549228079	0	GO:1990839	1	1
146	a1	-0.000840412188408339	0.999913952733277	-0.000840484509803131	0.999329390464989	-1.96063574718472	1.9589549228079	0	GO:0002946	1	1
147	a1	-0.000840412188408339	0.999913952733277	-0.000840484509803131	0.999329390464989	-1.96063574718472	1.9589549228079	0	GO:1904876	1	1
148	a1	-0.000840412188408339	0.999913952733277	-0.000840484509803131	0.999329390464989	-1.96063574718472	1.9589549228079	0	GO:0009305	1	1
149	a1	-0.000840412188408339	0.999913952733277	-0.000840484509803131	0.999329390464989	-1.96063574718472	1.9589549228079	0	GO:0071110	1	1
150	a1	-0.000840412188408339	0.999913952733277	-0.000840484509803131	0.999329390464989	-1.96063574718472	1.9589549228079	0	GO:0030392	1	1
151	a1	-0.000840412188408339	0.999913952733277	-0.000840484509803131	0.999329390464989	-1.96063574718472	1.9589549228079	0	GO:1905267	1	1
152	a1	-0.000840412188408339	0.999913952733277	-0.000840484509803131	0.999329390464989	-1.96063574718472	1.9589549228079	0	GO:1902914	1	1
153	a1	-0.000840412188408339	0.999913952733277	-0.000840484509803131	0.999329390464989	-1.96063574718472	1.9589549228079	0	GO:0006666	1	1
154	a1	-0.000840412188408339	0.999913952733277	-0.000840484509803131	0.999329390464989	-1.96063574718472	1.9589549228079	0	GO:0048075	1	1
155	a1	-0.000840412188408339	0.999913952733277	-0.000840484509803131	0.999329390464989	-1.96063574718472	1.9589549228079	0	GO:1904140	1	1
156	a1	-0.000840412188408339	0.999913952733277	-0.000840484509803131	0.999329390464989	-1.96063574718472	1.9589549228079	0	GO:0010999	1	1
157	a1	-0.000840412188408339	0.999913952733277	-0.000840484509803131	0.999329390464989	-1.96063574718472	1.9589549228079	0	GO:0046984	1	1
158	a1	-0.000840412188408339	0.999913952733277	-0.000840484509803131	0.999329390464989	-1.96063574718472	1.9589549228079	0	GO:0046986	1	1
159	a1	-0.000840412188408339	0.999913952733277	-0.000840484509803131	0.999329390464989	-1.96063574718472	1.9589549228079	0	GO:0045993	1	1
160	a1	-0.000840412188408339	0.999913952733277	-0.000840484509803131	0.999329390464989	-1.96063574718472	1.9589549228079	0	GO:0035445	1	1
161	a1	-0.000840412188408339	0.999913952733277	-0.000840484509803131	0.999329390464989	-1.96063574718472	1.9589549228079	0	GO:0046713	1	1
162	a1	-0.000840412188408339	0.999913952733277	-0.000840484509803131	0.999329390464989	-1.96063574718472	1.9589549228079	0	GO:0045091	1	1
163	a1	-0.000840412188408339	0.999913952733277	-0.000840484509803131	0.999329390464989	-1.96063574718472	1.9589549228079	0	GO:0032652	1	1
164	a1	-0.000840412188408339	0.999913952733277	-0.000840484509803131	0.999329390464989	-1.96063574718472	1.9589549228079	0	GO:0070951	1	1
165	a1	-0.000840412188408339	0.999913952733277	-0.000840484509803131	0.999329390464989	-1.96063574718472	1.9589549228079	0	GO:0009231	1	1
166	a1	-0.000840412188408339	0.999913952733277	-0.000840484509803131	0.999329390464989	-1.96063574718472	1.9589549228079	0	GO:0009398	1	1
167	a1	-0.000840412188408339	0.999913952733277	-0.000840484509803131	0.999329390464989	-1.96063574718472	1.9589549228079	0	GO:0061987	1	1
168	a1	-0.000840412188408339	0.999913952733277	-0.000840484509803131	0.999329390464989	-1.96063574718472	1.9589549228079	0	GO:2000971	1	1
169	a1	-0.000840412188408339	0.999913952733277	-0.000840484509803131	0.999329390464989	-1.96063574718472	1.9589549228079	0	GO:1904784	1	1
170	a1	-0.000840412188408339	0.999913952733277	-0.000840484509803131	0.999329390464989	-1.96063574718472	1.9589549228079	0	GO:0002101	1	1
171	a1	-0.000840412188408339	0.999913952733277	-0.000840484509803131	0.999329390464989	-1.96063574718472	1.9589549228079	0	GO:1990983	1	1
172	a1	-0.000840412188408339	0.999913952733277	-0.000840484509803131	0.999329390464989	-1.96063574718472	1.9589549228079	0	GO:0015828	1	1
173	a1	-0.000840412188408339	0.999913952733277	-0.000840484509803131	0.999329390464989	-1.96063574718472	1.9589549228079	0	GO:0019081	1	1
174	a1	-0.000840412188408339	0.999913952733277	-0.000840484509803131	0.999329390464989	-1.96063574718472	1.9589549228079	0	GO:1904240	1	1
175	a1	-0.000840412188408339	0.999913952733277	-0.000840484509803131	0.999329390464989	-1.96063574718472	1.9589549228079	0	GO:0072202	1	1
176	a1	-0.000840412188408339	0.999913952733277	-0.000840484509803131	0.999329390464989	-1.96063574718472	1.9589549228079	0	GO:0086103	1	1
177	a1	-0.000840412188408339	0.999913952733277	-0.000840484509803131	0.999329390464989	-1.96063574718472	1.9589549228079	0	GO:0031938	1	1
178	a1	-0.000840412188408339	0.999913952733277	-0.000840484509803131	0.999329390464989	-1.96063574718472	1.9589549228079	0	GO:1902977	1	1
179	a1	-0.000840412188408339	0.999913952733277	-0.000840484509803131	0.999329390464989	-1.96063574718472	1.9589549228079	0	GO:0000921	1	1
180	a1	-0.000840412188408339	0.999913952733277	-0.000840484509803131	0.999329390464989	-1.96063574718472	1.9589549228079	0	GO:0060739	1	1
181	a1	-0.000840412188408339	0.999913952733277	-0.000840484509803131	0.999329390464989	-1.96063574718472	1.9589549228079	0	GO:0032491	1	1
182	a1	-0.000840412188408339	0.999913952733277	-0.000840484509803131	0.999329390464989	-1.96063574718472	1.9589549228079	0	GO:1903431	1	1
183	a1	-0.000840412188408339	0.999913952733277	-0.000840484509803131	0.999329390464989	-1.96063574718472	1.9589549228079	0	GO:0090721	1	1
184	a1	-0.000840412188408339	0.999913952733277	-0.000840484509803131	0.999329390464989	-1.96063574718472	1.9589549228079	0	GO:0090615	1	1
185	a1	-0.000840412188408339	0.999913952733277	-0.000840484509803131	0.999329390464989	-1.96063574718472	1.9589549228079	0	GO:0035825	1	1
186	a1	-0.000840412188408339	0.999913952733277	-0.000840484509803131	0.999329390464989	-1.96063574718472	1.9589549228079	0	GO:0106047	1	1
187	a1	-0.000840412188408339	0.999913952733277	-0.000840484509803131	0.999329390464989	-1.96063574718472	1.9589549228079	0	GO:0106048	1	1
188	a1	-0.000840412188408339	0.999913952733277	-0.000840484509803131	0.999329390464989	-1.96063574718472	1.9589549228079	0	GO:0008653	1	1
189	a1	-0.000840412188408339	0.999913952733277	-0.000840484509803131	0.999329390464989	-1.96063574718472	1.9589549228079	0	GO:0009104	1	1
190	a1	-0.000840412188408339	0.999913952733277	-0.000840484509803131	0.999329390464989	-1.96063574718472	1.9589549228079	0	GO:0097275	1	1
191	a1	-0.000840412188408339	0.999913952733277	-0.000840484509803131	0.999329390464989	-1.96063574718472	1.9589549228079	0	GO:0097276	1	1
192	a1	-0.000840412188408339	0.999913952733277	-0.000840484509803131	0.999329390464989	-1.96063574718472	1.9589549228079	0	GO:0097277	1	1
193	a1	-0.000840412188408339	0.999913952733277	-0.000840484509803131	0.999329390464989	-1.96063574718472	1.9589549228079	0	GO:0034724	1	1
194	a1	-0.000840412188408339	0.999913952733277	-0.000840484509803131	0.999329390464989	-1.96063574718472	1.9589549228079	0	GO:0060566	1	1
195	a1	-0.000840412188408339	0.999913952733277	-0.000840484509803131	0.999329390464989	-1.96063574718472	1.9589549228079	0	GO:2000806	1	1
196	a1	-0.000840412188408339	0.999913952733277	-0.000840484509803131	0.999329390464989	-1.96063574718472	1.9589549228079	0	GO:1905332	1	1
197	a1	-0.000840412188408339	0.999913952733277	-0.000840484509803131	0.999329390464989	-1.96063574718472	1.9589549228079	0	GO:1905772	1	1
198	a1	-0.000840412188408339	0.999913952733277	-0.000840484509803131	0.999329390464989	-1.96063574718472	1.9589549228079	0	GO:0003294	1	1
199	a1	-0.000840412188408339	0.999913952733277	-0.000840484509803131	0.999329390464989	-1.96063574718472	1.9589549228079	0	GO:0060156	1	1
200	a1	-0.000840412188408339	0.999913952733277	-0.000840484509803131	0.999329390464989	-1.96063574718472	1.9589549228079	0	GO:0051685	1	1
201	a1	-0.000840412188408339	0.999913952733277	-0.000840484509803131	0.999329390464989	-1.96063574718472	1.9589549228079	0	GO:0048297	1	1
202	a1	-0.000840412188408339	0.999913952733277	-0.000840484509803131	0.999329390464989	-1.96063574718472	1.9589549228079	0	GO:0090298	1	1
203	a1	-0.000840412188408339	0.999913952733277	-0.000840484509803131	0.999329390464989	-1.96063574718472	1.9589549228079	0	GO:0010522	1	1
204	a1	-0.000840412188408339	0.999913952733277	-0.000840484509803131	0.999329390464989	-1.96063574718472	1.9589549228079	0	GO:0032938	1	1
205	a1	-0.000840412188408339	0.999913952733277	-0.000840484509803131	0.999329390464989	-1.96063574718472	1.9589549228079	0	GO:1904744	1	1
206	a1	-0.000840412188408339	0.999913952733277	-0.000840484509803131	0.999329390464989	-1.96063574718472	1.9589549228079	0	GO:0080170	1	1
207	a1	-0.000840412188408339	0.999913952733277	-0.000840484509803131	0.999329390464989	-1.96063574718472	1.9589549228079	0	GO:1904340	1	1
208	a1	-0.000840412188408339	0.999913952733277	-0.000840484509803131	0.999329390464989	-1.96063574718472	1.9589549228079	0	GO:0035684	1	1
209	a1	-0.000840412188408339	0.999913952733277	-0.000840484509803131	0.999329390464989	-1.96063574718472	1.9589549228079	0	GO:0009855	1	1
210	a1	-0.000840412188408339	0.999913952733277	-0.000840484509803131	0.999329390464989	-1.96063574718472	1.9589549228079	0	GO:0090242	1	1
211	a1	-0.000840412188408339	0.999913952733277	-0.000840484509803131	0.999329390464989	-1.96063574718472	1.9589549228079	0	GO:1901006	1	1
212	a1	-0.000840412188408339	0.999913952733277	-0.000840484509803131	0.999329390464989	-1.96063574718472	1.9589549228079	0	GO:0045935	1	1
213	a1	-0.000840412188408339	0.999913952733277	-0.000840484509803131	0.999329390464989	-1.96063574718472	1.9589549228079	0	GO:0072237	1	1
214	a1	-0.000840412188408339	0.999913952733277	-0.000840484509803131	0.999329390464989	-1.96063574718472	1.9589549228079	0	GO:0072287	1	1
215	a1	-0.000840412188408339	0.999913952733277	-0.000840484509803131	0.999329390464989	-1.96063574718472	1.9589549228079	0	GO:0036445	1	1
216	a1	-0.000840412188408339	0.999913952733277	-0.000840484509803131	0.999329390464989	-1.96063574718472	1.9589549228079	0	GO:0060829	1	1
217	a1	-0.000840412188408339	0.999913952733277	-0.000840484509803131	0.999329390464989	-1.96063574718472	1.9589549228079	0	GO:0060930	1	1
218	a1	-0.000840412188408339	0.999913952733277	-0.000840484509803131	0.999329390464989	-1.96063574718472	1.9589549228079	0	GO:0035491	1	1
219	a1	-0.000840412188408339	0.999913952733277	-0.000840484509803131	0.999329390464989	-1.96063574718472	1.9589549228079	0	GO:1901331	1	1
220	a1	-0.000840412188408339	0.999913952733277	-0.000840484509803131	0.999329390464989	-1.96063574718472	1.9589549228079	0	GO:1901881	1	1
221	a1	-0.000840412188408339	0.999913952733277	-0.000840484509803131	0.999329390464989	-1.96063574718472	1.9589549228079	0	GO:0061185	1	1
222	a1	-0.000840412188408339	0.999913952733277	-0.000840484509803131	0.999329390464989	-1.96063574718472	1.9589549228079	0	GO:2000384	1	1
223	a1	-0.000840412188408339	0.999913952733277	-0.000840484509803131	0.999329390464989	-1.96063574718472	1.9589549228079	0	GO:0001172	1	1
224	a1	-0.000840412188408339	0.999913952733277	-0.000840484509803131	0.999329390464989	-1.96063574718472	1.9589549228079	0	GO:0022616	1	1
225	a1	-0.000840412188408339	0.999913952733277	-0.000840484509803131	0.999329390464989	-1.96063574718472	1.9589549228079	0	GO:0062103	1	1
226	a1	-0.000840412188408339	0.999913952733277	-0.000840484509803131	0.999329390464989	-1.96063574718472	1.9589549228079	0	GO:1903620	1	1
227	a1	-0.000840412188408339	0.999913952733277	-0.000840484509803131	0.999329390464989	-1.96063574718472	1.9589549228079	0	GO:1903704	1	1
228	a1	-0.000840412188408339	0.999913952733277	-0.000840484509803131	0.999329390464989	-1.96063574718472	1.9589549228079	0	GO:0038008	1	1
229	a1	-0.000840412188408339	0.999913952733277	-0.000840484509803131	0.999329390464989	-1.96063574718472	1.9589549228079	0	GO:0150024	1	1
230	a1	-0.000840412188408339	0.999913952733277	-0.000840484509803131	0.999329390464989	-1.96063574718472	1.9589549228079	0	GO:0048698	1	1
231	a1	-0.000840412188408339	0.999913952733277	-0.000840484509803131	0.999329390464989	-1.96063574718472	1.9589549228079	0	GO:0061078	1	1
232	a1	-0.000840412188408339	0.999913952733277	-0.000840484509803131	0.999329390464989	-1.96063574718472	1.9589549228079	0	GO:0061081	1	1
233	a1	-0.000840412188408339	0.999913952733277	-0.000840484509803131	0.999329390464989	-1.96063574718472	1.9589549228079	0	GO:0018215	1	1
234	a1	-0.000840412188408339	0.999913952733277	-0.000840484509803131	0.999329390464989	-1.96063574718472	1.9589549228079	0	GO:2001246	1	1
235	a1	-0.000840412188408339	0.999913952733277	-0.000840484509803131	0.999329390464989	-1.96063574718472	1.9589549228079	0	GO:0140074	1	1
236	a1	-0.000840412188408339	0.999913952733277	-0.000840484509803131	0.999329390464989	-1.96063574718472	1.9589549228079	0	GO:0034373	1	1
237	a1	-0.000840412188408339	0.999913952733277	-0.000840484509803131	0.999329390464989	-1.96063574718472	1.9589549228079	0	GO:0061430	1	1
238	a1	-0.000840412188408339	0.999913952733277	-0.000840484509803131	0.999329390464989	-1.96063574718472	1.9589549228079	0	GO:1905584	1	1
239	a1	-0.000840412188408339	0.999913952733277	-0.000840484509803131	0.999329390464989	-1.96063574718472	1.9589549228079	0	GO:0006843	1	1
240	a1	-0.000840412188408339	0.999913952733277	-0.000840484509803131	0.999329390464989	-1.96063574718472	1.9589549228079	0	GO:0032901	1	1
241	a1	-0.000840412188408339	0.999913952733277	-0.000840484509803131	0.999329390464989	-1.96063574718472	1.9589549228079	0	GO:0061365	1	1
242	a1	-0.000840412188408339	0.999913952733277	-0.000840484509803131	0.999329390464989	-1.96063574718472	1.9589549228079	0	GO:1904042	1	1
243	a1	-0.000840412188408339	0.999913952733277	-0.000840484509803131	0.999329390464989	-1.96063574718472	1.9589549228079	0	GO:0060268	1	1
244	a1	-0.000840412188408339	0.999913952733277	-0.000840484509803131	0.999329390464989	-1.96063574718472	1.9589549228079	0	GO:1901605	1	1
245	a1	-0.000840412188408339	0.999913952733277	-0.000840484509803131	0.999329390464989	-1.96063574718472	1.9589549228079	0	GO:0014056	1	1
246	a1	-0.000840412188408339	0.999913952733277	-0.000840484509803131	0.999329390464989	-1.96063574718472	1.9589549228079	0	GO:0000256	1	1
247	a1	-0.000840412188408339	0.999913952733277	-0.000840484509803131	0.999329390464989	-1.96063574718472	1.9589549228079	0	GO:1900276	1	1
248	a1	-0.000840412188408339	0.999913952733277	-0.000840484509803131	0.999329390464989	-1.96063574718472	1.9589549228079	0	GO:1900737	1	1
249	a1	-0.000840412188408339	0.999913952733277	-0.000840484509803131	0.999329390464989	-1.96063574718472	1.9589549228079	0	GO:0030954	1	1
250	a1	-0.000840412188408339	0.999913952733277	-0.000840484509803131	0.999329390464989	-1.96063574718472	1.9589549228079	0	GO:2000380	1	1
251	a1	-0.000840412188408339	0.999913952733277	-0.000840484509803131	0.999329390464989	-1.96063574718472	1.9589549228079	0	GO:0061300	1	1
252	a1	-0.000840412188408339	0.999913952733277	-0.000840484509803131	0.999329390464989	-1.96063574718472	1.9589549228079	0	GO:0018315	1	1
253	a1	-0.000840412188408339	0.999913952733277	-0.000840484509803131	0.999329390464989	-1.96063574718472	1.9589549228079	0	GO:0072579	1	1
254	a1	-0.000840412188408339	0.999913952733277	-0.000840484509803131	0.999329390464989	-1.96063574718472	1.9589549228079	0	GO:0033037	1	1
255	a1	-0.000840412188408339	0.999913952733277	-0.000840484509803131	0.999329390464989	-1.96063574718472	1.9589549228079	0	GO:0038114	1	1
256	a1	-0.000840412188408339	0.999913952733277	-0.000840484509803131	0.999329390464989	-1.96063574718472	1.9589549228079	0	GO:0071139	1	1
257	a1	-0.000840412188408339	0.999913952733277	-0.000840484509803131	0.999329390464989	-1.96063574718472	1.9589549228079	0	GO:0043558	1	1
258	a1	-0.000840412188408339	0.999913952733277	-0.000840484509803131	0.999329390464989	-1.96063574718472	1.9589549228079	0	GO:0120034	1	1
259	a1	-0.000840412188408339	0.999913952733277	-0.000840484509803131	0.999329390464989	-1.96063574718472	1.9589549228079	0	GO:0060383	1	1
260	a1	-0.000840412188408339	0.999913952733277	-0.000840484509803131	0.999329390464989	-1.96063574718472	1.9589549228079	0	GO:1905774	1	1
261	a1	-0.000840412188408339	0.999913952733277	-0.000840484509803131	0.999329390464989	-1.96063574718472	1.9589549228079	0	GO:0003011	1	1
262	a1	-0.000840412188408339	0.999913952733277	-0.000840484509803131	0.999329390464989	-1.96063574718472	1.9589549228079	0	GO:0005991	1	1
263	a1	-0.000840412188408339	0.999913952733277	-0.000840484509803131	0.999329390464989	-1.96063574718472	1.9589549228079	0	GO:0005993	1	1
264	a1	-0.000840412188408339	0.999913952733277	-0.000840484509803131	0.999329390464989	-1.96063574718472	1.9589549228079	0	GO:1903919	1	1
265	a1	-0.000840412188408339	0.999913952733277	-0.000840484509803131	0.999329390464989	-1.96063574718472	1.9589549228079	0	GO:0003142	1	1
266	a1	-0.000840412188408339	0.999913952733277	-0.000840484509803131	0.999329390464989	-1.96063574718472	1.9589549228079	0	GO:2000043	1	1
267	a1	-0.000840412188408339	0.999913952733277	-0.000840484509803131	0.999329390464989	-1.96063574718472	1.9589549228079	0	GO:1901879	1	1
268	a1	-0.000840412188408339	0.999913952733277	-0.000840484509803131	0.999329390464989	-1.96063574718472	1.9589549228079	0	GO:0031585	1	1
269	a1	-0.000840412188408339	0.999913952733277	-0.000840484509803131	0.999329390464989	-1.96063574718472	1.9589549228079	0	GO:0060232	1	1
270	a1	-0.000840412188408339	0.999913952733277	-0.000840484509803131	0.999329390464989	-1.96063574718472	1.9589549228079	0	GO:0060234	1	1
271	a1	-0.000840412188408339	0.999913952733277	-0.000840484509803131	0.999329390464989	-1.96063574718472	1.9589549228079	0	GO:0035750	1	1
272	a1	-0.000840412188408339	0.999913952733277	-0.000840484509803131	0.999329390464989	-1.96063574718472	1.9589549228079	0	GO:0032304	1	1
273	a1	-0.000840412188408339	0.999913952733277	-0.000840484509803131	0.999329390464989	-1.96063574718472	1.9589549228079	0	GO:0098939	1	1
274	a1	-0.000840412188408339	0.999913952733277	-0.000840484509803131	0.999329390464989	-1.96063574718472	1.9589549228079	0	GO:0031034	1	1
275	a1	-0.000840412188408339	0.999913952733277	-0.000840484509803131	0.999329390464989	-1.96063574718472	1.9589549228079	0	GO:0042219	1	1
276	a1	-0.000840412188408339	0.999913952733277	-0.000840484509803131	0.999329390464989	-1.96063574718472	1.9589549228079	0	GO:1904766	1	1
277	a1	-0.000840412188408339	0.999913952733277	-0.000840484509803131	0.999329390464989	-1.96063574718472	1.9589549228079	0	GO:0072286	1	1
278	a1	-0.000840412188408339	0.999913952733277	-0.000840484509803131	0.999329390464989	-1.96063574718472	1.9589549228079	0	GO:0032075	1	1
279	a1	-0.000840412188408339	0.999913952733277	-0.000840484509803131	0.999329390464989	-1.96063574718472	1.9589549228079	0	GO:1902239	1	1
280	a1	-0.000840412188408339	0.999913952733277	-0.000840484509803131	0.999329390464989	-1.96063574718472	1.9589549228079	0	GO:0051102	1	1
281	a1	-0.000840412188408339	0.999913952733277	-0.000840484509803131	0.999329390464989	-1.96063574718472	1.9589549228079	0	GO:0075713	1	1
282	a1	-0.000840412188408339	0.999913952733277	-0.000840484509803131	0.999329390464989	-1.96063574718472	1.9589549228079	0	GO:0070862	1	1
283	a1	-0.000840412188408339	0.999913952733277	-0.000840484509803131	0.999329390464989	-1.96063574718472	1.9589549228079	0	GO:1901303	1	1
284	a1	-0.000840412188408339	0.999913952733277	-0.000840484509803131	0.999329390464989	-1.96063574718472	1.9589549228079	0	GO:1904677	1	1
285	a1	-0.000840412188408339	0.999913952733277	-0.000840484509803131	0.999329390464989	-1.96063574718472	1.9589549228079	0	GO:2000103	1	1
286	a1	-0.000840412188408339	0.999913952733277	-0.000840484509803131	0.999329390464989	-1.96063574718472	1.9589549228079	0	GO:0000416	1	1
287	a1	-0.000840412188408339	0.999913952733277	-0.000840484509803131	0.999329390464989	-1.96063574718472	1.9589549228079	0	GO:2001145	1	1
288	a1	-0.000840412188408339	0.999913952733277	-0.000840484509803131	0.999329390464989	-1.96063574718472	1.9589549228079	0	GO:0036399	1	1
289	a1	-0.000840412188408339	0.999913952733277	-0.000840484509803131	0.999329390464989	-1.96063574718472	1.9589549228079	0	GO:0008039	1	1
290	a1	-0.000840412188408339	0.999913952733277	-0.000840484509803131	0.999329390464989	-1.96063574718472	1.9589549228079	0	GO:0033026	1	1
291	a1	-0.000840412188408339	0.999913952733277	-0.000840484509803131	0.999329390464989	-1.96063574718472	1.9589549228079	0	GO:0016116	1	1
292	a1	-0.000840412188408339	0.999913952733277	-0.000840484509803131	0.999329390464989	-1.96063574718472	1.9589549228079	0	GO:0016119	1	1
293	a1	-0.000840412188408339	0.999913952733277	-0.000840484509803131	0.999329390464989	-1.96063574718472	1.9589549228079	0	GO:0016122	1	1
294	a1	-0.000840412188408339	0.999913952733277	-0.000840484509803131	0.999329390464989	-1.96063574718472	1.9589549228079	0	GO:0010879	1	1
295	a1	-0.000840412188408339	0.999913952733277	-0.000840484509803131	0.999329390464989	-1.96063574718472	1.9589549228079	0	GO:0010611	1	1
296	a1	-0.000840412188408339	0.999913952733277	-0.000840484509803131	0.999329390464989	-1.96063574718472	1.9589549228079	0	GO:2001304	1	1
297	a1	-0.000840412188408339	0.999913952733277	-0.000840484509803131	0.999329390464989	-1.96063574718472	1.9589549228079	0	GO:0051089	1	1
298	a1	-0.000840412188408339	0.999913952733277	-0.000840484509803131	0.999329390464989	-1.96063574718472	1.9589549228079	0	GO:0072355	1	1
299	a1	-0.000840412188408339	0.999913952733277	-0.000840484509803131	0.999329390464989	-1.96063574718472	1.9589549228079	0	GO:0002691	1	1
300	a1	-0.000840412188408339	0.999913952733277	-0.000840484509803131	0.999329390464989	-1.96063574718472	1.9589549228079	0	GO:0046838	1	1
301	a1	-0.000840412188408339	0.999913952733277	-0.000840484509803131	0.999329390464989	-1.96063574718472	1.9589549228079	0	GO:0005998	1	1
302	a1	-0.000840412188408339	0.999913952733277	-0.000840484509803131	0.999329390464989	-1.96063574718472	1.9589549228079	0	GO:0033002	1	1
303	a1	-0.000840412188408339	0.999913952733277	-0.000840484509803131	0.999329390464989	-1.96063574718472	1.9589549228079	0	GO:0002264	1	1
304	a1	-0.000840412188408339	0.999913952733277	-0.000840484509803131	0.999329390464989	-1.96063574718472	1.9589549228079	0	GO:0097213	1	1
305	a1	-0.000840412188408339	0.999913952733277	-0.000840484509803131	0.999329390464989	-1.96063574718472	1.9589549228079	0	GO:1900542	1	1
306	a1	-0.000840412188408339	0.999913952733277	-0.000840484509803131	0.999329390464989	-1.96063574718472	1.9589549228079	0	GO:0097552	1	1
307	a1	-0.000840412188408339	0.999913952733277	-0.000840484509803131	0.999329390464989	-1.96063574718472	1.9589549228079	0	GO:0031651	1	1
308	a1	-0.000840412188408339	0.999913952733277	-0.000840484509803131	0.999329390464989	-1.96063574718472	1.9589549228079	0	GO:1904983	1	1
309	a1	-0.000840412188408339	0.999913952733277	-0.000840484509803131	0.999329390464989	-1.96063574718472	1.9589549228079	0	GO:0033477	1	1
310	a1	-0.000840412188408339	0.999913952733277	-0.000840484509803131	0.999329390464989	-1.96063574718472	1.9589549228079	0	GO:2000208	1	1
311	a1	-0.000840412188408339	0.999913952733277	-0.000840484509803131	0.999329390464989	-1.96063574718472	1.9589549228079	0	GO:2000775	1	1
312	a1	-0.000840412188408339	0.999913952733277	-0.000840484509803131	0.999329390464989	-1.96063574718472	1.9589549228079	0	GO:1904947	1	1
313	a1	-0.000840412188408339	0.999913952733277	-0.000840484509803131	0.999329390464989	-1.96063574718472	1.9589549228079	0	GO:1990548	1	1
314	a1	-0.000840412188408339	0.999913952733277	-0.000840484509803131	0.999329390464989	-1.96063574718472	1.9589549228079	0	GO:2000184	1	1
315	a1	-0.000840412188408339	0.999913952733277	-0.000840484509803131	0.999329390464989	-1.96063574718472	1.9589549228079	0	GO:0006557	1	1
316	a1	-0.000840412188408339	0.999913952733277	-0.000840484509803131	0.999329390464989	-1.96063574718472	1.9589549228079	0	GO:0090648	1	1
317	a1	-0.000840412188408339	0.999913952733277	-0.000840484509803131	0.999329390464989	-1.96063574718472	1.9589549228079	0	GO:0045016	1	1
318	a1	-0.000840412188408339	0.999913952733277	-0.000840484509803131	0.999329390464989	-1.96063574718472	1.9589549228079	0	GO:0005983	1	1
319	a1	-0.000840412188408339	0.999913952733277	-0.000840484509803131	0.999329390464989	-1.96063574718472	1.9589549228079	0	GO:0007495	1	1
320	a1	-0.000840412188408339	0.999913952733277	-0.000840484509803131	0.999329390464989	-1.96063574718472	1.9589549228079	0	GO:1901360	1	1
321	a1	-0.000840412188408339	0.999913952733277	-0.000840484509803131	0.999329390464989	-1.96063574718472	1.9589549228079	0	GO:0090177	1	1
322	a1	-0.000840412188408339	0.999913952733277	-0.000840484509803131	0.999329390464989	-1.96063574718472	1.9589549228079	0	GO:0060431	1	1
323	a1	-0.000840412188408339	0.999913952733277	-0.000840484509803131	0.999329390464989	-1.96063574718472	1.9589549228079	0	GO:1900054	1	1
324	a1	-0.000840412188408339	0.999913952733277	-0.000840484509803131	0.999329390464989	-1.96063574718472	1.9589549228079	0	GO:0002652	1	1
325	a1	-0.000840412188408339	0.999913952733277	-0.000840484509803131	0.999329390464989	-1.96063574718472	1.9589549228079	0	GO:0002838	1	1
326	a1	-0.000840412188408339	0.999913952733277	-0.000840484509803131	0.999329390464989	-1.96063574718472	1.9589549228079	0	GO:0032712	1	1
327	a1	-0.000840412188408339	0.999913952733277	-0.000840484509803131	0.999329390464989	-1.96063574718472	1.9589549228079	0	GO:0071656	1	1
328	a1	-0.000840412188408339	0.999913952733277	-0.000840484509803131	0.999329390464989	-1.96063574718472	1.9589549228079	0	GO:0055006	1	1
329	a1	-0.000840412188408339	0.999913952733277	-0.000840484509803131	0.999329390464989	-1.96063574718472	1.9589549228079	0	GO:1904690	1	1
330	a1	-0.000840412188408339	0.999913952733277	-0.000840484509803131	0.999329390464989	-1.96063574718472	1.9589549228079	0	GO:1902224	1	1
331	a1	-0.000840412188408339	0.999913952733277	-0.000840484509803131	0.999329390464989	-1.96063574718472	1.9589549228079	0	GO:1902860	1	1
332	a1	-0.000840412188408339	0.999913952733277	-0.000840484509803131	0.999329390464989	-1.96063574718472	1.9589549228079	0	GO:0072229	1	1
333	a1	-0.000840412188408339	0.999913952733277	-0.000840484509803131	0.999329390464989	-1.96063574718472	1.9589549228079	0	GO:0098925	1	1
334	a1	-0.000840412188408339	0.999913952733277	-0.000840484509803131	0.999329390464989	-1.96063574718472	1.9589549228079	0	GO:1901346	1	1
335	a1	-0.000840412188408339	0.999913952733277	-0.000840484509803131	0.999329390464989	-1.96063574718472	1.9589549228079	0	GO:0051232	1	1
336	a1	-0.000840412188408339	0.999913952733277	-0.000840484509803131	0.999329390464989	-1.96063574718472	1.9589549228079	0	GO:1904247	1	1
337	a1	-0.000840412188408339	0.999913952733277	-0.000840484509803131	0.999329390464989	-1.96063574718472	1.9589549228079	0	GO:2000645	1	1
338	a1	-0.000840412188408339	0.999913952733277	-0.000840484509803131	0.999329390464989	-1.96063574718472	1.9589549228079	0	GO:0051623	1	1
339	a1	-0.000840412188408339	0.999913952733277	-0.000840484509803131	0.999329390464989	-1.96063574718472	1.9589549228079	0	GO:0072749	1	1
340	a1	-0.000840412188408339	0.999913952733277	-0.000840484509803131	0.999329390464989	-1.96063574718472	1.9589549228079	0	GO:0033023	1	1
341	a1	-0.000840412188408339	0.999913952733277	-0.000840484509803131	0.999329390464989	-1.96063574718472	1.9589549228079	0	GO:0089708	1	1
342	a1	-0.000840412188408339	0.999913952733277	-0.000840484509803131	0.999329390464989	-1.96063574718472	1.9589549228079	0	GO:0030860	1	1
343	a1	-0.000840412188408339	0.999913952733277	-0.000840484509803131	0.999329390464989	-1.96063574718472	1.9589549228079	0	GO:0032043	1	1
344	a1	-0.000840412188408339	0.999913952733277	-0.000840484509803131	0.999329390464989	-1.96063574718472	1.9589549228079	0	GO:0060994	1	1
345	a1	-0.000840412188408339	0.999913952733277	-0.000840484509803131	0.999329390464989	-1.96063574718472	1.9589549228079	0	GO:0097370	1	1
346	a1	-0.000840412188408339	0.999913952733277	-0.000840484509803131	0.999329390464989	-1.96063574718472	1.9589549228079	0	GO:2000845	1	1
347	a1	-0.000840412188408339	0.999913952733277	-0.000840484509803131	0.999329390464989	-1.96063574718472	1.9589549228079	0	GO:0060035	1	1
348	a1	-0.000840412188408339	0.999913952733277	-0.000840484509803131	0.999329390464989	-1.96063574718472	1.9589549228079	0	GO:0021528	1	1
349	a1	-0.000840412188408339	0.999913952733277	-0.000840484509803131	0.999329390464989	-1.96063574718472	1.9589549228079	0	GO:0150098	1	1
350	a1	-0.000840412188408339	0.999913952733277	-0.000840484509803131	0.999329390464989	-1.96063574718472	1.9589549228079	0	GO:0035340	1	1
351	a1	-0.000840412188408339	0.999913952733277	-0.000840484509803131	0.999329390464989	-1.96063574718472	1.9589549228079	0	GO:0005985	1	1
352	a1	-0.000840412188408339	0.999913952733277	-0.000840484509803131	0.999329390464989	-1.96063574718472	1.9589549228079	0	GO:0043181	1	1
353	a1	-0.000840412188408339	0.999913952733277	-0.000840484509803131	0.999329390464989	-1.96063574718472	1.9589549228079	0	GO:1903461	1	1
354	a1	-0.000840412188408339	0.999913952733277	-0.000840484509803131	0.999329390464989	-1.96063574718472	1.9589549228079	0	GO:0014889	1	1
355	a1	-0.000840412188408339	0.999913952733277	-0.000840484509803131	0.999329390464989	-1.96063574718472	1.9589549228079	0	GO:0000707	1	1
356	a1	-0.000840412188408339	0.999913952733277	-0.000840484509803131	0.999329390464989	-1.96063574718472	1.9589549228079	0	GO:0007066	1	1
357	a1	-0.000840412188408339	0.999913952733277	-0.000840484509803131	0.999329390464989	-1.96063574718472	1.9589549228079	0	GO:0001695	1	1
358	a1	-0.000840412188408339	0.999913952733277	-0.000840484509803131	0.999329390464989	-1.96063574718472	1.9589549228079	0	GO:0036090	1	1
359	a1	-0.000840412188408339	0.999913952733277	-0.000840484509803131	0.999329390464989	-1.96063574718472	1.9589549228079	0	GO:0045625	1	1
360	a1	-0.000840412188408339	0.999913952733277	-0.000840484509803131	0.999329390464989	-1.96063574718472	1.9589549228079	0	GO:0034516	1	1
361	a1	-0.000840412188408339	0.999913952733277	-0.000840484509803131	0.999329390464989	-1.96063574718472	1.9589549228079	0	GO:0150019	1	1
362	a1	-0.000840412188408339	0.999913952733277	-0.000840484509803131	0.999329390464989	-1.96063574718472	1.9589549228079	0	GO:0009751	1	1
363	a1	-0.000840412188408339	0.999913952733277	-0.000840484509803131	0.999329390464989	-1.96063574718472	1.9589549228079	0	GO:0071788	1	1
364	a1	-0.000840412188408339	0.999913952733277	-0.000840484509803131	0.999329390464989	-1.96063574718472	1.9589549228079	0	GO:0002787	1	1
365	a1	-0.000840412188408339	0.999913952733277	-0.000840484509803131	0.999329390464989	-1.96063574718472	1.9589549228079	0	GO:1901557	1	1
366	a1	-0.000840412188408339	0.999913952733277	-0.000840484509803131	0.999329390464989	-1.96063574718472	1.9589549228079	0	GO:0033342	1	1
367	a1	-0.000840412188408339	0.999913952733277	-0.000840484509803131	0.999329390464989	-1.96063574718472	1.9589549228079	0	GO:1904842	1	1
368	a1	-0.000840412188408339	0.999913952733277	-0.000840484509803131	0.999329390464989	-1.96063574718472	1.9589549228079	0	GO:0001928	1	1
369	a1	-0.000840412188408339	0.999913952733277	-0.000840484509803131	0.999329390464989	-1.96063574718472	1.9589549228079	0	GO:0060178	1	1
370	a1	-0.000840412188408339	0.999913952733277	-0.000840484509803131	0.999329390464989	-1.96063574718472	1.9589549228079	0	GO:0062208	1	1
371	a1	-0.000840412188408339	0.999913952733277	-0.000840484509803131	0.999329390464989	-1.96063574718472	1.9589549228079	0	GO:0001980	1	1
372	a1	-0.000840412188408339	0.999913952733277	-0.000840484509803131	0.999329390464989	-1.96063574718472	1.9589549228079	0	GO:2001233	1	1
373	a1	-0.000840412188408339	0.999913952733277	-0.000840484509803131	0.999329390464989	-1.96063574718472	1.9589549228079	0	GO:0072715	1	1
374	a1	-0.000840412188408339	0.999913952733277	-0.000840484509803131	0.999329390464989	-1.96063574718472	1.9589549228079	0	GO:1904570	1	1
375	a1	-0.000840412188408339	0.999913952733277	-0.000840484509803131	0.999329390464989	-1.96063574718472	1.9589549228079	0	GO:1904574	1	1
376	a1	-0.000840412188408339	0.999913952733277	-0.000840484509803131	0.999329390464989	-1.96063574718472	1.9589549228079	0	GO:0106134	1	1
377	a1	-0.000840412188408339	0.999913952733277	-0.000840484509803131	0.999329390464989	-1.96063574718472	1.9589549228079	0	GO:0097212	1	1
378	a1	-0.000840412188408339	0.999913952733277	-0.000840484509803131	0.999329390464989	-1.96063574718472	1.9589549228079	0	GO:0140591	1	1
379	a1	-0.000840412188408339	0.999913952733277	-0.000840484509803131	0.999329390464989	-1.96063574718472	1.9589549228079	0	GO:0010186	1	1
380	a1	-0.000840412188408339	0.999913952733277	-0.000840484509803131	0.999329390464989	-1.96063574718472	1.9589549228079	0	GO:0120042	1	1
381	a1	-0.000840412188408339	0.999913952733277	-0.000840484509803131	0.999329390464989	-1.96063574718472	1.9589549228079	0	GO:0150142	1	1
382	a1	-0.000840412188408339	0.999913952733277	-0.000840484509803131	0.999329390464989	-1.96063574718472	1.9589549228079	0	GO:0150145	1	1
383	a1	-0.000840412188408339	0.999913952733277	-0.000840484509803131	0.999329390464989	-1.96063574718472	1.9589549228079	0	GO:2000287	1	1
384	a1	-0.000840412188408339	0.999913952733277	-0.000840484509803131	0.999329390464989	-1.96063574718472	1.9589549228079	0	GO:0016095	1	1
385	a1	-0.000840412188408339	0.999913952733277	-0.000840484509803131	0.999329390464989	-1.96063574718472	1.9589549228079	0	GO:0044328	1	1
386	a1	-0.000840412188408339	0.999913952733277	-0.000840484509803131	0.999329390464989	-1.96063574718472	1.9589549228079	0	GO:0044329	1	1
387	a1	-0.000840412188408339	0.999913952733277	-0.000840484509803131	0.999329390464989	-1.96063574718472	1.9589549228079	0	GO:0044330	1	1
388	a1	-0.000840412188408339	0.999913952733277	-0.000840484509803131	0.999329390464989	-1.96063574718472	1.9589549228079	0	GO:0033045	1	1
389	a1	-0.000840412188408339	0.999913952733277	-0.000840484509803131	0.999329390464989	-1.96063574718472	1.9589549228079	0	GO:0030862	1	1
390	a1	-0.000840412188408339	0.999913952733277	-0.000840484509803131	0.999329390464989	-1.96063574718472	1.9589549228079	0	GO:0035844	1	1
391	a1	-0.000840412188408339	0.999913952733277	-0.000840484509803131	0.999329390464989	-1.96063574718472	1.9589549228079	0	GO:0039008	1	1
392	a1	-0.000840412188408339	0.999913952733277	-0.000840484509803131	0.999329390464989	-1.96063574718472	1.9589549228079	0	GO:0039023	1	1
393	a1	-0.000840412188408339	0.999913952733277	-0.000840484509803131	0.999329390464989	-1.96063574718472	1.9589549228079	0	GO:0070121	1	1
394	a1	-0.000840412188408339	0.999913952733277	-0.000840484509803131	0.999329390464989	-1.96063574718472	1.9589549228079	0	GO:1903100	1	1
395	a1	-0.000840412188408339	0.999913952733277	-0.000840484509803131	0.999329390464989	-1.96063574718472	1.9589549228079	0	GO:1903638	1	1
396	a1	-0.000840412188408339	0.999913952733277	-0.000840484509803131	0.999329390464989	-1.96063574718472	1.9589549228079	0	GO:0006931	1	1
397	a1	-0.000840412188408339	0.999913952733277	-0.000840484509803131	0.999329390464989	-1.96063574718472	1.9589549228079	0	GO:0048319	1	1
398	a1	-0.000840412188408339	0.999913952733277	-0.000840484509803131	0.999329390464989	-1.96063574718472	1.9589549228079	0	GO:1903850	1	1
399	a1	-0.000840412188408339	0.999913952733277	-0.000840484509803131	0.999329390464989	-1.96063574718472	1.9589549228079	0	GO:0071894	1	1
400	a1	-0.000840412188408339	0.999913952733277	-0.000840484509803131	0.999329390464989	-1.96063574718472	1.9589549228079	0	GO:2000415	1	1
401	a1	-0.000840412188408339	0.999913952733277	-0.000840484509803131	0.999329390464989	-1.96063574718472	1.9589549228079	0	GO:1903490	1	1
402	a1	-0.000840412188408339	0.999913952733277	-0.000840484509803131	0.999329390464989	-1.96063574718472	1.9589549228079	0	GO:1990874	1	1
403	a1	-0.000840412188408339	0.999913952733277	-0.000840484509803131	0.999329390464989	-1.96063574718472	1.9589549228079	0	GO:2001019	1	1
404	a1	-0.000840412188408339	0.999913952733277	-0.000840484509803131	0.999329390464989	-1.96063574718472	1.9589549228079	0	GO:1904731	1	1
405	a1	-0.000840412188408339	0.999913952733277	-0.000840484509803131	0.999329390464989	-1.96063574718472	1.9589549228079	0	GO:1901307	1	1
406	a1	-0.000840412188408339	0.999913952733277	-0.000840484509803131	0.999329390464989	-1.96063574718472	1.9589549228079	0	GO:1905355	1	1
407	a1	-0.000840412188408339	0.999913952733277	-0.000840484509803131	0.999329390464989	-1.96063574718472	1.9589549228079	0	GO:1901163	1	1
408	a1	-0.000840412188408339	0.999913952733277	-0.000840484509803131	0.999329390464989	-1.96063574718472	1.9589549228079	0	GO:0007371	1	1
409	a1	-0.000840412188408339	0.999913952733277	-0.000840484509803131	0.999329390464989	-1.96063574718472	1.9589549228079	0	GO:0021910	1	1
410	a1	-0.000840412188408339	0.999913952733277	-0.000840484509803131	0.999329390464989	-1.96063574718472	1.9589549228079	0	GO:0072285	1	1
411	a1	-0.000840412188408339	0.999913952733277	-0.000840484509803131	0.999329390464989	-1.96063574718472	1.9589549228079	0	GO:2000826	1	1
412	a1	-0.000840412188408339	0.999913952733277	-0.000840484509803131	0.999329390464989	-1.96063574718472	1.9589549228079	0	GO:0022018	1	1
413	a1	-0.000840412188408339	0.999913952733277	-0.000840484509803131	0.999329390464989	-1.96063574718472	1.9589549228079	0	GO:0060366	1	1
414	a1	-0.000840412188408339	0.999913952733277	-0.000840484509803131	0.999329390464989	-1.96063574718472	1.9589549228079	0	GO:0060367	1	1
415	a1	-0.000840412188408339	0.999913952733277	-0.000840484509803131	0.999329390464989	-1.96063574718472	1.9589549228079	0	GO:0060873	1	1
416	a1	-0.000840412188408339	0.999913952733277	-0.000840484509803131	0.999329390464989	-1.96063574718472	1.9589549228079	0	GO:0060875	1	1
417	a1	-0.000840412188408339	0.999913952733277	-0.000840484509803131	0.999329390464989	-1.96063574718472	1.9589549228079	0	GO:1901827	1	1
418	a1	-0.000840412188408339	0.999913952733277	-0.000840484509803131	0.999329390464989	-1.96063574718472	1.9589549228079	0	GO:1903569	1	1
419	a1	-0.000840412188408339	0.999913952733277	-0.000840484509803131	0.999329390464989	-1.96063574718472	1.9589549228079	0	GO:0050783	1	1
420	a1	-0.000840412188408339	0.999913952733277	-0.000840484509803131	0.999329390464989	-1.96063574718472	1.9589549228079	0	GO:0002270	1	1
421	a1	-0.000840412188408339	0.999913952733277	-0.000840484509803131	0.999329390464989	-1.96063574718472	1.9589549228079	0	GO:0035397	1	1
422	a1	-0.000840412188408339	0.999913952733277	-0.000840484509803131	0.999329390464989	-1.96063574718472	1.9589549228079	0	GO:1903725	1	1
423	a1	-0.000840412188408339	0.999913952733277	-0.000840484509803131	0.999329390464989	-1.96063574718472	1.9589549228079	0	GO:0000271	1	1
424	a1	-0.000840412188408339	0.999913952733277	-0.000840484509803131	0.999329390464989	-1.96063574718472	1.9589549228079	0	GO:0048219	1	1
425	a1	-0.000840412188408339	0.999913952733277	-0.000840484509803131	0.999329390464989	-1.96063574718472	1.9589549228079	0	GO:0035801	1	1
426	a1	-0.000840412188408339	0.999913952733277	-0.000840484509803131	0.999329390464989	-1.96063574718472	1.9589549228079	0	GO:0035677	1	1
427	a1	-0.000840412188408339	0.999913952733277	-0.000840484509803131	0.999329390464989	-1.96063574718472	1.9589549228079	0	GO:0046657	1	1
428	a1	-0.000840412188408339	0.999913952733277	-0.000840484509803131	0.999329390464989	-1.96063574718472	1.9589549228079	0	GO:0010819	1	1
429	a1	-0.000840412188408339	0.999913952733277	-0.000840484509803131	0.999329390464989	-1.96063574718472	1.9589549228079	0	GO:0032223	1	1
430	a1	-0.000840412188408339	0.999913952733277	-0.000840484509803131	0.999329390464989	-1.96063574718472	1.9589549228079	0	GO:0043471	1	1
431	a1	-0.000840412188408339	0.999913952733277	-0.000840484509803131	0.999329390464989	-1.96063574718472	1.9589549228079	0	GO:1904978	1	1
432	a1	-0.000840412188408339	0.999913952733277	-0.000840484509803131	0.999329390464989	-1.96063574718472	1.9589549228079	0	GO:1904580	1	1
433	a1	-0.000840412188408339	0.999913952733277	-0.000840484509803131	0.999329390464989	-1.96063574718472	1.9589549228079	0	GO:0086066	1	1
434	a1	-0.000840412188408339	0.999913952733277	-0.000840484509803131	0.999329390464989	-1.96063574718472	1.9589549228079	0	GO:0086070	1	1
435	a1	-0.000840412188408339	0.999913952733277	-0.000840484509803131	0.999329390464989	-1.96063574718472	1.9589549228079	0	GO:1901021	1	1
436	a1	-0.000840412188408339	0.999913952733277	-0.000840484509803131	0.999329390464989	-1.96063574718472	1.9589549228079	0	GO:0099551	1	1
437	a1	-0.000840412188408339	0.999913952733277	-0.000840484509803131	0.999329390464989	-1.96063574718472	1.9589549228079	0	GO:1902153	1	1
438	a1	-0.000840412188408339	0.999913952733277	-0.000840484509803131	0.999329390464989	-1.96063574718472	1.9589549228079	0	GO:1903301	1	1
439	a1	-0.000840412188408339	0.999913952733277	-0.000840484509803131	0.999329390464989	-1.96063574718472	1.9589549228079	0	GO:0019477	1	1
440	a1	-0.000840412188408339	0.999913952733277	-0.000840484509803131	0.999329390464989	-1.96063574718472	1.9589549228079	0	GO:0061485	1	1
441	a1	-0.000840412188408339	0.999913952733277	-0.000840484509803131	0.999329390464989	-1.96063574718472	1.9589549228079	0	GO:0036257	1	1
442	a1	-0.000840412188408339	0.999913952733277	-0.000840484509803131	0.999329390464989	-1.96063574718472	1.9589549228079	0	GO:1903435	1	1
443	a1	-0.000840412188408339	0.999913952733277	-0.000840484509803131	0.999329390464989	-1.96063574718472	1.9589549228079	0	GO:0043316	1	1
444	a1	-0.000840412188408339	0.999913952733277	-0.000840484509803131	0.999329390464989	-1.96063574718472	1.9589549228079	0	GO:1902553	1	1
445	a1	-0.000840412188408339	0.999913952733277	-0.000840484509803131	0.999329390464989	-1.96063574718472	1.9589549228079	0	GO:1902064	1	1
446	a1	-0.000840412188408339	0.999913952733277	-0.000840484509803131	0.999329390464989	-1.96063574718472	1.9589549228079	0	GO:0050973	1	1
447	a1	-0.000840412188408339	0.999913952733277	-0.000840484509803131	0.999329390464989	-1.96063574718472	1.9589549228079	0	GO:0003245	1	1
448	a1	-0.000840412188408339	0.999913952733277	-0.000840484509803131	0.999329390464989	-1.96063574718472	1.9589549228079	0	GO:0070716	1	1
449	a1	-0.000840412188408339	0.999913952733277	-0.000840484509803131	0.999329390464989	-1.96063574718472	1.9589549228079	0	GO:0046015	1	1
450	a1	-0.000840412188408339	0.999913952733277	-0.000840484509803131	0.999329390464989	-1.96063574718472	1.9589549228079	0	GO:0071441	1	1
451	a1	-0.000840412188408339	0.999913952733277	-0.000840484509803131	0.999329390464989	-1.96063574718472	1.9589549228079	0	GO:2000655	1	1
452	a1	-0.000840412188408339	0.999913952733277	-0.000840484509803131	0.999329390464989	-1.96063574718472	1.9589549228079	0	GO:0022410	1	1
453	a1	-0.000840412188408339	0.999913952733277	-0.000840484509803131	0.999329390464989	-1.96063574718472	1.9589549228079	0	GO:0010840	1	1
454	a1	-0.000840412188408339	0.999913952733277	-0.000840484509803131	0.999329390464989	-1.96063574718472	1.9589549228079	0	GO:0014062	1	1
455	a1	-0.000840412188408339	0.999913952733277	-0.000840484509803131	0.999329390464989	-1.96063574718472	1.9589549228079	0	GO:0046900	1	1
456	a1	-0.000840412188408339	0.999913952733277	-0.000840484509803131	0.999329390464989	-1.96063574718472	1.9589549228079	0	GO:1902954	1	1
457	a1	-0.000840412188408339	0.999913952733277	-0.000840484509803131	0.999329390464989	-1.96063574718472	1.9589549228079	0	GO:0072684	1	1
458	a1	-0.000840412188408339	0.999913952733277	-0.000840484509803131	0.999329390464989	-1.96063574718472	1.9589549228079	0	GO:0033028	1	1
459	a1	-0.000840412188408339	0.999913952733277	-0.000840484509803131	0.999329390464989	-1.96063574718472	1.9589549228079	0	GO:0048034	1	1
460	a1	-0.000840412188408339	0.999913952733277	-0.000840484509803131	0.999329390464989	-1.96063574718472	1.9589549228079	0	GO:0006286	1	1
461	a1	-0.000840412188408339	0.999913952733277	-0.000840484509803131	0.999329390464989	-1.96063574718472	1.9589549228079	0	GO:0043487	1	1
462	a1	-0.000840412188408339	0.999913952733277	-0.000840484509803131	0.999329390464989	-1.96063574718472	1.9589549228079	0	GO:0043538	1	1
463	a1	-0.000840412188408339	0.999913952733277	-0.000840484509803131	0.999329390464989	-1.96063574718472	1.9589549228079	0	GO:0035644	1	1
464	a1	-0.000840412188408339	0.999913952733277	-0.000840484509803131	0.999329390464989	-1.96063574718472	1.9589549228079	0	GO:1905208	1	1
465	a1	-0.000840412188408339	0.999913952733277	-0.000840484509803131	0.999329390464989	-1.96063574718472	1.9589549228079	0	GO:1904414	1	1
466	a1	-0.000840412188408339	0.999913952733277	-0.000840484509803131	0.999329390464989	-1.96063574718472	1.9589549228079	0	GO:1905285	1	1
467	a1	-0.000840412188408339	0.999913952733277	-0.000840484509803131	0.999329390464989	-1.96063574718472	1.9589549228079	0	GO:0021998	1	1
468	a1	-0.000840412188408339	0.999913952733277	-0.000840484509803131	0.999329390464989	-1.96063574718472	1.9589549228079	0	GO:0048352	1	1
469	a1	-0.000840412188408339	0.999913952733277	-0.000840484509803131	0.999329390464989	-1.96063574718472	1.9589549228079	0	GO:0048378	1	1
470	a1	-0.000840412188408339	0.999913952733277	-0.000840484509803131	0.999329390464989	-1.96063574718472	1.9589549228079	0	GO:0060896	1	1
471	a1	-0.000840412188408339	0.999913952733277	-0.000840484509803131	0.999329390464989	-1.96063574718472	1.9589549228079	0	GO:0060378	1	1
472	a1	-0.000840412188408339	0.999913952733277	-0.000840484509803131	0.999329390464989	-1.96063574718472	1.9589549228079	0	GO:0007634	1	1
473	a1	-0.000840412188408339	0.999913952733277	-0.000840484509803131	0.999329390464989	-1.96063574718472	1.9589549228079	0	GO:0018885	1	1
474	a1	-0.000840412188408339	0.999913952733277	-0.000840484509803131	0.999329390464989	-1.96063574718472	1.9589549228079	0	GO:0018910	1	1
475	a1	-0.000840412188408339	0.999913952733277	-0.000840484509803131	0.999329390464989	-1.96063574718472	1.9589549228079	0	GO:0018960	1	1
476	a1	-0.000840412188408339	0.999913952733277	-0.000840484509803131	0.999329390464989	-1.96063574718472	1.9589549228079	0	GO:0042197	1	1
477	a1	-0.000840412188408339	0.999913952733277	-0.000840484509803131	0.999329390464989	-1.96063574718472	1.9589549228079	0	GO:1903069	1	1
478	a1	-0.000840412188408339	0.999913952733277	-0.000840484509803131	0.999329390464989	-1.96063574718472	1.9589549228079	0	GO:0060386	1	1
479	a1	-0.000840412188408339	0.999913952733277	-0.000840484509803131	0.999329390464989	-1.96063574718472	1.9589549228079	0	GO:1901184	1	1
480	a1	-0.000840412188408339	0.999913952733277	-0.000840484509803131	0.999329390464989	-1.96063574718472	1.9589549228079	0	GO:0030397	1	1
481	a1	-0.000840412188408339	0.999913952733277	-0.000840484509803131	0.999329390464989	-1.96063574718472	1.9589549228079	0	GO:1904177	1	1
482	a1	-0.000840412188408339	0.999913952733277	-0.000840484509803131	0.999329390464989	-1.96063574718472	1.9589549228079	0	GO:0032738	1	1
483	a1	-0.000840412188408339	0.999913952733277	-0.000840484509803131	0.999329390464989	-1.96063574718472	1.9589549228079	0	GO:0035665	1	1
484	a1	-0.000840412188408339	0.999913952733277	-0.000840484509803131	0.999329390464989	-1.96063574718472	1.9589549228079	0	GO:0010768	1	1
485	a1	-0.000840412188408339	0.999913952733277	-0.000840484509803131	0.999329390464989	-1.96063574718472	1.9589549228079	0	GO:0044111	1	1
486	a1	-0.000840412188408339	0.999913952733277	-0.000840484509803131	0.999329390464989	-1.96063574718472	1.9589549228079	0	GO:0046824	1	1
487	a1	-0.000840412188408339	0.999913952733277	-0.000840484509803131	0.999329390464989	-1.96063574718472	1.9589549228079	0	GO:0060588	1	1
488	a1	-0.000840412188408339	0.999913952733277	-0.000840484509803131	0.999329390464989	-1.96063574718472	1.9589549228079	0	GO:0120169	1	1
489	a1	-0.000840412188408339	0.999913952733277	-0.000840484509803131	0.999329390464989	-1.96063574718472	1.9589549228079	0	GO:0006062	1	1
490	a1	-0.000840412188408339	0.999913952733277	-0.000840484509803131	0.999329390464989	-1.96063574718472	1.9589549228079	0	GO:0051160	1	1
491	a1	-0.000840412188408339	0.999913952733277	-0.000840484509803131	0.999329390464989	-1.96063574718472	1.9589549228079	0	GO:0051164	1	1
492	a1	-0.000840412188408339	0.999913952733277	-0.000840484509803131	0.999329390464989	-1.96063574718472	1.9589549228079	0	GO:0006060	1	1
493	a1	-0.000840412188408339	0.999913952733277	-0.000840484509803131	0.999329390464989	-1.96063574718472	1.9589549228079	0	GO:0048855	1	1
494	a1	-0.000840412188408339	0.999913952733277	-0.000840484509803131	0.999329390464989	-1.96063574718472	1.9589549228079	0	GO:0019376	1	1
495	a1	-0.000840412188408339	0.999913952733277	-0.000840484509803131	0.999329390464989	-1.96063574718472	1.9589549228079	0	GO:1902117	1	1
496	a1	-0.000840412188408339	0.999913952733277	-0.000840484509803131	0.999329390464989	-1.96063574718472	1.9589549228079	0	GO:0099627	1	1
497	a1	-0.000840412188408339	0.999913952733277	-0.000840484509803131	0.999329390464989	-1.96063574718472	1.9589549228079	0	GO:0099630	1	1
498	a1	-0.000840412188408339	0.999913952733277	-0.000840484509803131	0.999329390464989	-1.96063574718472	1.9589549228079	0	GO:0140448	1	1
499	a1	-0.000840412188408339	0.999913952733277	-0.000840484509803131	0.999329390464989	-1.96063574718472	1.9589549228079	0	GO:0006669	1	1
500	a1	-0.000840412188408339	0.999913952733277	-0.000840484509803131	0.999329390464989	-1.96063574718472	1.9589549228079	0	GO:0033008	1	1
501	a1	-0.000840412188408339	0.999913952733277	-0.000840484509803131	0.999329390464989	-1.96063574718472	1.9589549228079	0	GO:0043977	1	1
502	a1	-0.000840412188408339	0.999913952733277	-0.000840484509803131	0.999329390464989	-1.96063574718472	1.9589549228079	0	GO:0043980	1	1
503	a1	-0.000840412188408339	0.999913952733277	-0.000840484509803131	0.999329390464989	-1.96063574718472	1.9589549228079	0	GO:0051545	1	1
504	a1	-0.000840412188408339	0.999913952733277	-0.000840484509803131	0.999329390464989	-1.96063574718472	1.9589549228079	0	GO:0010780	1	1
505	a1	-0.000840412188408339	0.999913952733277	-0.000840484509803131	0.999329390464989	-1.96063574718472	1.9589549228079	0	GO:1903343	1	1
506	a1	-0.000840412188408339	0.999913952733277	-0.000840484509803131	0.999329390464989	-1.96063574718472	1.9589549228079	0	GO:0002590	1	1
507	a1	-0.000840412188408339	0.999913952733277	-0.000840484509803131	0.999329390464989	-1.96063574718472	1.9589549228079	0	GO:0097254	1	1
508	a1	-0.000840412188408339	0.999913952733277	-0.000840484509803131	0.999329390464989	-1.96063574718472	1.9589549228079	0	GO:0035787	1	1
509	a1	-0.000840412188408339	0.999913952733277	-0.000840484509803131	0.999329390464989	-1.96063574718472	1.9589549228079	0	GO:0072377	1	1
510	a1	-0.000840412188408339	0.999913952733277	-0.000840484509803131	0.999329390464989	-1.96063574718472	1.9589549228079	0	GO:2001239	1	1
511	a1	-0.000840412188408339	0.999913952733277	-0.000840484509803131	0.999329390464989	-1.96063574718472	1.9589549228079	0	GO:0097401	1	1
512	a1	-0.000840412188408339	0.999913952733277	-0.000840484509803131	0.999329390464989	-1.96063574718472	1.9589549228079	0	GO:0035752	1	1
513	a1	-0.000840412188408339	0.999913952733277	-0.000840484509803131	0.999329390464989	-1.96063574718472	1.9589549228079	0	GO:0090384	1	1
514	a1	-0.000840412188408339	0.999913952733277	-0.000840484509803131	0.999329390464989	-1.96063574718472	1.9589549228079	0	GO:0106049	1	1
515	a1	-0.000840412188408339	0.999913952733277	-0.000840484509803131	0.999329390464989	-1.96063574718472	1.9589549228079	0	GO:1900079	1	1
516	a1	-0.000840412188408339	0.999913952733277	-0.000840484509803131	0.999329390464989	-1.96063574718472	1.9589549228079	0	GO:0070473	1	1
517	a1	-0.000840412188408339	0.999913952733277	-0.000840484509803131	0.999329390464989	-1.96063574718472	1.9589549228079	0	GO:0071881	1	1
518	a1	-0.000840412188408339	0.999913952733277	-0.000840484509803131	0.999329390464989	-1.96063574718472	1.9589549228079	0	GO:0071882	1	1
519	a1	-0.000840412188408339	0.999913952733277	-0.000840484509803131	0.999329390464989	-1.96063574718472	1.9589549228079	0	GO:0060127	1	1
520	a1	-0.000840412188408339	0.999913952733277	-0.000840484509803131	0.999329390464989	-1.96063574718472	1.9589549228079	0	GO:0001174	1	1
521	a1	-0.000840412188408339	0.999913952733277	-0.000840484509803131	0.999329390464989	-1.96063574718472	1.9589549228079	0	GO:0019083	1	1
522	a1	-0.000840412188408339	0.999913952733277	-0.000840484509803131	0.999329390464989	-1.96063574718472	1.9589549228079	0	GO:1990114	1	1
523	a1	-0.000840412188408339	0.999913952733277	-0.000840484509803131	0.999329390464989	-1.96063574718472	1.9589549228079	0	GO:0034128	1	1
524	a1	-0.000840412188408339	0.999913952733277	-0.000840484509803131	0.999329390464989	-1.96063574718472	1.9589549228079	0	GO:0106089	1	1
525	a1	-0.000840412188408339	0.999913952733277	-0.000840484509803131	0.999329390464989	-1.96063574718472	1.9589549228079	0	GO:0016077	1	1
526	a1	-0.000840412188408339	0.999913952733277	-0.000840484509803131	0.999329390464989	-1.96063574718472	1.9589549228079	0	GO:0035863	1	1
527	a1	-0.000840412188408339	0.999913952733277	-0.000840484509803131	0.999329390464989	-1.96063574718472	1.9589549228079	0	GO:0055113	1	1
528	a1	-0.000840412188408339	0.999913952733277	-0.000840484509803131	0.999329390464989	-1.96063574718472	1.9589549228079	0	GO:1905209	1	1
529	a1	-0.000840412188408339	0.999913952733277	-0.000840484509803131	0.999329390464989	-1.96063574718472	1.9589549228079	0	GO:0034627	1	1
530	a1	-0.000840412188408339	0.999913952733277	-0.000840484509803131	0.999329390464989	-1.96063574718472	1.9589549228079	0	GO:0051790	1	1
531	a1	-0.000840412188408339	0.999913952733277	-0.000840484509803131	0.999329390464989	-1.96063574718472	1.9589549228079	0	GO:0009229	1	1
532	a1	-0.000840412188408339	0.999913952733277	-0.000840484509803131	0.999329390464989	-1.96063574718472	1.9589549228079	0	GO:0006639	1	1
533	a1	-0.000840412188408339	0.999913952733277	-0.000840484509803131	0.999329390464989	-1.96063574718472	1.9589549228079	0	GO:0046587	1	1
534	a1	-0.000840412188408339	0.999913952733277	-0.000840484509803131	0.999329390464989	-1.96063574718472	1.9589549228079	0	GO:0062099	1	1
535	a1	-0.000840412188408339	0.999913952733277	-0.000840484509803131	0.999329390464989	-1.96063574718472	1.9589549228079	0	GO:0009309	1	1
536	a1	-0.000840412188408339	0.999913952733277	-0.000840484509803131	0.999329390464989	-1.96063574718472	1.9589549228079	0	GO:1990709	1	1
537	a1	-0.000840412188408339	0.999913952733277	-0.000840484509803131	0.999329390464989	-1.96063574718472	1.9589549228079	0	GO:0006404	1	1
538	a1	-0.000840412188408339	0.999913952733277	-0.000840484509803131	0.999329390464989	-1.96063574718472	1.9589549228079	0	GO:0010965	1	1
539	a1	-0.000840412188408339	0.999913952733277	-0.000840484509803131	0.999329390464989	-1.96063574718472	1.9589549228079	0	GO:0042038	1	1
540	a1	-0.000840412188408339	0.999913952733277	-0.000840484509803131	0.999329390464989	-1.96063574718472	1.9589549228079	0	GO:0090069	1	1
541	a1	-0.000840412188408339	0.999913952733277	-0.000840484509803131	0.999329390464989	-1.96063574718472	1.9589549228079	0	GO:1990438	1	1
542	a1	-0.000840412188408339	0.999913952733277	-0.000840484509803131	0.999329390464989	-1.96063574718472	1.9589549228079	0	GO:0010948	1	1
543	a1	-0.000840412188408339	0.999913952733277	-0.000840484509803131	0.999329390464989	-1.96063574718472	1.9589549228079	0	GO:0030264	1	1
544	a1	-0.000840412188408339	0.999913952733277	-0.000840484509803131	0.999329390464989	-1.96063574718472	1.9589549228079	0	GO:1902525	1	1
545	a1	-0.000840412188408339	0.999913952733277	-0.000840484509803131	0.999329390464989	-1.96063574718472	1.9589549228079	0	GO:1903049	1	1
546	a1	-0.000840412188408339	0.999913952733277	-0.000840484509803131	0.999329390464989	-1.96063574718472	1.9589549228079	0	GO:0140194	1	1
547	a1	-0.000840412188408339	0.999913952733277	-0.000840484509803131	0.999329390464989	-1.96063574718472	1.9589549228079	0	GO:0035782	1	1
548	a1	-0.000840412188408339	0.999913952733277	-0.000840484509803131	0.999329390464989	-1.96063574718472	1.9589549228079	0	GO:2000513	1	1
549	a1	-0.000840412188408339	0.999913952733277	-0.000840484509803131	0.999329390464989	-1.96063574718472	1.9589549228079	0	GO:2000518	1	1
550	a1	-0.000840412188408339	0.999913952733277	-0.000840484509803131	0.999329390464989	-1.96063574718472	1.9589549228079	0	GO:0015801	1	1
551	a1	-0.000840412188408339	0.999913952733277	-0.000840484509803131	0.999329390464989	-1.96063574718472	1.9589549228079	0	GO:0061043	1	1
552	a1	-0.000840412188408339	0.999913952733277	-0.000840484509803131	0.999329390464989	-1.96063574718472	1.9589549228079	0	GO:0034148	1	1
553	a1	-0.000840412188408339	0.999913952733277	-0.000840484509803131	0.999329390464989	-1.96063574718472	1.9589549228079	0	GO:0070429	1	1
554	a1	-0.000840412188408339	0.999913952733277	-0.000840484509803131	0.999329390464989	-1.96063574718472	1.9589549228079	0	GO:0072666	1	1
555	a1	-0.000840412188408339	0.999913952733277	-0.000840484509803131	0.999329390464989	-1.96063574718472	1.9589549228079	0	GO:1905042	1	1
556	a1	-0.000840412188408339	0.999913952733277	-0.000840484509803131	0.999329390464989	-1.96063574718472	1.9589549228079	0	GO:0035905	1	1
557	a1	-0.000840412188408339	0.999913952733277	-0.000840484509803131	0.999329390464989	-1.96063574718472	1.9589549228079	0	GO:0035906	1	1
558	a1	-0.000840412188408339	0.999913952733277	-0.000840484509803131	0.999329390464989	-1.96063574718472	1.9589549228079	0	GO:1900120	1	1
559	a1	-0.000840412188408339	0.999913952733277	-0.000840484509803131	0.999329390464989	-1.96063574718472	1.9589549228079	0	GO:2000586	1	1
560	a1	-0.000840412188408339	0.999913952733277	-0.000840484509803131	0.999329390464989	-1.96063574718472	1.9589549228079	0	GO:0009200	1	1
561	a1	-0.000840412188408339	0.999913952733277	-0.000840484509803131	0.999329390464989	-1.96063574718472	1.9589549228079	0	GO:0015821	1	1
562	a1	-0.000840412188408339	0.999913952733277	-0.000840484509803131	0.999329390464989	-1.96063574718472	1.9589549228079	0	GO:1901074	1	1
563	a1	-0.000840412188408339	0.999913952733277	-0.000840484509803131	0.999329390464989	-1.96063574718472	1.9589549228079	0	GO:0001993	1	1
564	a1	-0.000840412188408339	0.999913952733277	-0.000840484509803131	0.999329390464989	-1.96063574718472	1.9589549228079	0	GO:0099105	1	1
565	a1	-0.000840412188408339	0.999913952733277	-0.000840484509803131	0.999329390464989	-1.96063574718472	1.9589549228079	0	GO:2000864	1	1
566	a1	-0.000840412188408339	0.999913952733277	-0.000840484509803131	0.999329390464989	-1.96063574718472	1.9589549228079	0	GO:0070586	1	1
567	a1	-0.000840412188408339	0.999913952733277	-0.000840484509803131	0.999329390464989	-1.96063574718472	1.9589549228079	0	GO:0010905	1	1
568	a1	-0.000840412188408339	0.999913952733277	-0.000840484509803131	0.999329390464989	-1.96063574718472	1.9589549228079	0	GO:0071879	1	1
569	a1	-0.000840412188408339	0.999913952733277	-0.000840484509803131	0.999329390464989	-1.96063574718472	1.9589549228079	0	GO:1904227	1	1
570	a1	-0.000840412188408339	0.999913952733277	-0.000840484509803131	0.999329390464989	-1.96063574718472	1.9589549228079	0	GO:1902161	1	1
571	a1	-0.000840412188408339	0.999913952733277	-0.000840484509803131	0.999329390464989	-1.96063574718472	1.9589549228079	0	GO:0098705	1	1
572	a1	-0.000840412188408339	0.999913952733277	-0.000840484509803131	0.999329390464989	-1.96063574718472	1.9589549228079	0	GO:1900046	1	1
573	a1	-0.000840412188408339	0.999913952733277	-0.000840484509803131	0.999329390464989	-1.96063574718472	1.9589549228079	0	GO:0046398	1	1
574	a1	-0.000840412188408339	0.999913952733277	-0.000840484509803131	0.999329390464989	-1.96063574718472	1.9589549228079	0	GO:2000975	1	1
575	a1	-0.000840412188408339	0.999913952733277	-0.000840484509803131	0.999329390464989	-1.96063574718472	1.9589549228079	0	GO:0031439	1	1
576	a1	-0.000840412188408339	0.999913952733277	-0.000840484509803131	0.999329390464989	-1.96063574718472	1.9589549228079	0	GO:0035395	1	1
577	a1	-0.000840412188408339	0.999913952733277	-0.000840484509803131	0.999329390464989	-1.96063574718472	1.9589549228079	0	GO:0032056	1	1
578	a1	-0.000840412188408339	0.999913952733277	-0.000840484509803131	0.999329390464989	-1.96063574718472	1.9589549228079	0	GO:0006948	1	1
579	a1	-0.000840412188408339	0.999913952733277	-0.000840484509803131	0.999329390464989	-1.96063574718472	1.9589549228079	0	GO:0097045	1	1
580	a1	-0.000840412188408339	0.999913952733277	-0.000840484509803131	0.999329390464989	-1.96063574718472	1.9589549228079	0	GO:1903965	1	1
581	a1	-0.000840412188408339	0.999913952733277	-0.000840484509803131	0.999329390464989	-1.96063574718472	1.9589549228079	0	GO:0002194	1	1
582	a1	-0.000840412188408339	0.999913952733277	-0.000840484509803131	0.999329390464989	-1.96063574718472	1.9589549228079	0	GO:0043049	1	1
583	a1	-0.000840412188408339	0.999913952733277	-0.000840484509803131	0.999329390464989	-1.96063574718472	1.9589549228079	0	GO:0061114	1	1
584	a1	-0.000840412188408339	0.999913952733277	-0.000840484509803131	0.999329390464989	-1.96063574718472	1.9589549228079	0	GO:0090425	1	1
585	a1	-0.000840412188408339	0.999913952733277	-0.000840484509803131	0.999329390464989	-1.96063574718472	1.9589549228079	0	GO:1901978	1	1
586	a1	-0.000840412188408339	0.999913952733277	-0.000840484509803131	0.999329390464989	-1.96063574718472	1.9589549228079	0	GO:2000979	1	1
587	a1	-0.000840412188408339	0.999913952733277	-0.000840484509803131	0.999329390464989	-1.96063574718472	1.9589549228079	0	GO:0097712	1	1
588	a1	-0.000840412188408339	0.999913952733277	-0.000840484509803131	0.999329390464989	-1.96063574718472	1.9589549228079	0	GO:0010533	1	1
589	a1	-0.000840412188408339	0.999913952733277	-0.000840484509803131	0.999329390464989	-1.96063574718472	1.9589549228079	0	GO:0055048	1	1
590	a1	-0.000840412188408339	0.999913952733277	-0.000840484509803131	0.999329390464989	-1.96063574718472	1.9589549228079	0	GO:1902365	1	1
591	a1	-0.000840412188408339	0.999913952733277	-0.000840484509803131	0.999329390464989	-1.96063574718472	1.9589549228079	0	GO:1902846	1	1
592	a1	-0.000840412188408339	0.999913952733277	-0.000840484509803131	0.999329390464989	-1.96063574718472	1.9589549228079	0	GO:0002923	1	1
593	a1	-0.000840412188408339	0.999913952733277	-0.000840484509803131	0.999329390464989	-1.96063574718472	1.9589549228079	0	GO:1901623	1	1
594	a1	-0.000840412188408339	0.999913952733277	-0.000840484509803131	0.999329390464989	-1.96063574718472	1.9589549228079	0	GO:0007072	1	1
595	a1	-0.000840412188408339	0.999913952733277	-0.000840484509803131	0.999329390464989	-1.96063574718472	1.9589549228079	0	GO:1901836	1	1
596	a1	-0.000840412188408339	0.999913952733277	-0.000840484509803131	0.999329390464989	-1.96063574718472	1.9589549228079	0	GO:0019742	1	1
597	a1	-0.000840412188408339	0.999913952733277	-0.000840484509803131	0.999329390464989	-1.96063574718472	1.9589549228079	0	GO:1904924	1	1
598	a1	-0.000840412188408339	0.999913952733277	-0.000840484509803131	0.999329390464989	-1.96063574718472	1.9589549228079	0	GO:1902443	1	1
599	a1	-0.000840412188408339	0.999913952733277	-0.000840484509803131	0.999329390464989	-1.96063574718472	1.9589549228079	0	GO:0120012	1	1
600	a1	-0.000840412188408339	0.999913952733277	-0.000840484509803131	0.999329390464989	-1.96063574718472	1.9589549228079	0	GO:1990697	1	1
601	a1	-0.000840412188408339	0.999913952733277	-0.000840484509803131	0.999329390464989	-1.96063574718472	1.9589549228079	0	GO:0098038	1	1
602	a1	-0.000840412188408339	0.999913952733277	-0.000840484509803131	0.999329390464989	-1.96063574718472	1.9589549228079	0	GO:0032196	1	1
603	a1	-0.000840412188408339	0.999913952733277	-0.000840484509803131	0.999329390464989	-1.96063574718472	1.9589549228079	0	GO:0048290	1	1
604	a1	-0.000840412188408339	0.999913952733277	-0.000840484509803131	0.999329390464989	-1.96063574718472	1.9589549228079	0	GO:1904156	1	1
605	a1	-0.000840412188408339	0.999913952733277	-0.000840484509803131	0.999329390464989	-1.96063574718472	1.9589549228079	0	GO:0070253	1	1
606	a1	-0.000840412188408339	0.999913952733277	-0.000840484509803131	0.999329390464989	-1.96063574718472	1.9589549228079	0	GO:0036111	1	1
607	a1	-0.000840412188408339	0.999913952733277	-0.000840484509803131	0.999329390464989	-1.96063574718472	1.9589549228079	0	GO:0070184	1	1
608	a1	-0.000840412188408339	0.999913952733277	-0.000840484509803131	0.999329390464989	-1.96063574718472	1.9589549228079	0	GO:0071045	1	1
609	a1	-0.000840412188408339	0.999913952733277	-0.000840484509803131	0.999329390464989	-1.96063574718472	1.9589549228079	0	GO:1903286	1	1
610	a1	-0.000840412188408339	0.999913952733277	-0.000840484509803131	0.999329390464989	-1.96063574718472	1.9589549228079	0	GO:1903760	1	1
611	a1	-0.000840412188408339	0.999913952733277	-0.000840484509803131	0.999329390464989	-1.96063574718472	1.9589549228079	0	GO:1903764	1	1
612	a1	-0.000840412188408339	0.999913952733277	-0.000840484509803131	0.999329390464989	-1.96063574718472	1.9589549228079	0	GO:0120116	1	1
613	a1	-0.000840412188408339	0.999913952733277	-0.000840484509803131	0.999329390464989	-1.96063574718472	1.9589549228079	0	GO:0060332	1	1
614	a1	-0.000840412188408339	0.999913952733277	-0.000840484509803131	0.999329390464989	-1.96063574718472	1.9589549228079	0	GO:0002470	1	1
615	a1	-0.000840412188408339	0.999913952733277	-0.000840484509803131	0.999329390464989	-1.96063574718472	1.9589549228079	0	GO:0045210	1	1
616	a1	-0.000840412188408339	0.999913952733277	-0.000840484509803131	0.999329390464989	-1.96063574718472	1.9589549228079	0	GO:0097106	1	1
617	a1	-0.000840412188408339	0.999913952733277	-0.000840484509803131	0.999329390464989	-1.96063574718472	1.9589549228079	0	GO:0000959	1	1
618	a1	-0.000840412188408339	0.999913952733277	-0.000840484509803131	0.999329390464989	-1.96063574718472	1.9589549228079	0	GO:0018272	1	1
619	a1	-0.000840412188408339	0.999913952733277	-0.000840484509803131	0.999329390464989	-1.96063574718472	1.9589549228079	0	GO:0044524	1	1
620	a1	-0.000840412188408339	0.999913952733277	-0.000840484509803131	0.999329390464989	-1.96063574718472	1.9589549228079	0	GO:0033860	1	1
621	a1	-0.000840412188408339	0.999913952733277	-0.000840484509803131	0.999329390464989	-1.96063574718472	1.9589549228079	0	GO:1902623	1	1
622	a1	-0.000840412188408339	0.999913952733277	-0.000840484509803131	0.999329390464989	-1.96063574718472	1.9589549228079	0	GO:2000509	1	1
623	a1	-0.000840412188408339	0.999913952733277	-0.000840484509803131	0.999329390464989	-1.96063574718472	1.9589549228079	0	GO:0002336	1	1
624	a1	-0.000840412188408339	0.999913952733277	-0.000840484509803131	0.999329390464989	-1.96063574718472	1.9589549228079	0	GO:1903626	1	1
625	a1	-0.000840412188408339	0.999913952733277	-0.000840484509803131	0.999329390464989	-1.96063574718472	1.9589549228079	0	GO:1905843	1	1
626	a1	-0.000840412188408339	0.999913952733277	-0.000840484509803131	0.999329390464989	-1.96063574718472	1.9589549228079	0	GO:0060697	1	1
627	a1	-0.000840412188408339	0.999913952733277	-0.000840484509803131	0.999329390464989	-1.96063574718472	1.9589549228079	0	GO:0007499	1	1
628	a1	-0.000840412188408339	0.999913952733277	-0.000840484509803131	0.999329390464989	-1.96063574718472	1.9589549228079	0	GO:0010481	1	1
629	a1	-0.000840412188408339	0.999913952733277	-0.000840484509803131	0.999329390464989	-1.96063574718472	1.9589549228079	0	GO:0019521	1	1
630	a1	-0.000840412188408339	0.999913952733277	-0.000840484509803131	0.999329390464989	-1.96063574718472	1.9589549228079	0	GO:0019676	1	1
631	a1	-0.000840412188408339	0.999913952733277	-0.000840484509803131	0.999329390464989	-1.96063574718472	1.9589549228079	0	GO:0042774	1	1
632	a1	-0.000840412188408339	0.999913952733277	-0.000840484509803131	0.999329390464989	-1.96063574718472	1.9589549228079	0	GO:0032685	1	1
633	a1	-0.000840412188408339	0.999913952733277	-0.000840484509803131	0.999329390464989	-1.96063574718472	1.9589549228079	0	GO:0071654	1	1
634	a1	-0.000840412188408339	0.999913952733277	-0.000840484509803131	0.999329390464989	-1.96063574718472	1.9589549228079	0	GO:0019321	1	1
635	a1	-0.000840412188408339	0.999913952733277	-0.000840484509803131	0.999329390464989	-1.96063574718472	1.9589549228079	0	GO:0045898	1	1
636	a1	-0.000840412188408339	0.999913952733277	-0.000840484509803131	0.999329390464989	-1.96063574718472	1.9589549228079	0	GO:0034263	1	1
637	a1	-0.000840412188408339	0.999913952733277	-0.000840484509803131	0.999329390464989	-1.96063574718472	1.9589549228079	0	GO:0071908	1	1
638	a1	-0.000840412188408339	0.999913952733277	-0.000840484509803131	0.999329390464989	-1.96063574718472	1.9589549228079	0	GO:0071909	1	1
639	a1	-0.000840412188408339	0.999913952733277	-0.000840484509803131	0.999329390464989	-1.96063574718472	1.9589549228079	0	GO:2000167	1	1
640	a1	-0.000840412188408339	0.999913952733277	-0.000840484509803131	0.999329390464989	-1.96063574718472	1.9589549228079	0	GO:0002882	1	1
641	a1	-0.000840412188408339	0.999913952733277	-0.000840484509803131	0.999329390464989	-1.96063574718472	1.9589549228079	0	GO:0060695	1	1
642	a1	-0.000840412188408339	0.999913952733277	-0.000840484509803131	0.999329390464989	-1.96063574718472	1.9589549228079	0	GO:0051052	1	1
643	a1	-0.000840412188408339	0.999913952733277	-0.000840484509803131	0.999329390464989	-1.96063574718472	1.9589549228079	0	GO:0098743	1	1
644	a1	-0.000840412188408339	0.999913952733277	-0.000840484509803131	0.999329390464989	-1.96063574718472	1.9589549228079	0	GO:0034729	1	1
645	a1	-0.000840412188408339	0.999913952733277	-0.000840484509803131	0.999329390464989	-1.96063574718472	1.9589549228079	0	GO:1904398	1	1
646	a1	-0.000840412188408339	0.999913952733277	-0.000840484509803131	0.999329390464989	-1.96063574718472	1.9589549228079	0	GO:0045137	1	1
647	a1	-0.000840412188408339	0.999913952733277	-0.000840484509803131	0.999329390464989	-1.96063574718472	1.9589549228079	0	GO:0098972	1	1
648	a1	-0.000840412188408339	0.999913952733277	-0.000840484509803131	0.999329390464989	-1.96063574718472	1.9589549228079	0	GO:1900480	1	1
649	a1	-0.000840412188408339	0.999913952733277	-0.000840484509803131	0.999329390464989	-1.96063574718472	1.9589549228079	0	GO:2000612	1	1
650	a1	-0.000840412188408339	0.999913952733277	-0.000840484509803131	0.999329390464989	-1.96063574718472	1.9589549228079	0	GO:0021808	1	1
651	a1	-0.000840412188408339	0.999913952733277	-0.000840484509803131	0.999329390464989	-1.96063574718472	1.9589549228079	0	GO:0150063	1	1
652	a1	-0.000840412188408339	0.999913952733277	-0.000840484509803131	0.999329390464989	-1.96063574718472	1.9589549228079	0	GO:0002335	1	1
653	a1	-0.000840412188408339	0.999913952733277	-0.000840484509803131	0.999329390464989	-1.96063574718472	1.9589549228079	0	GO:0072663	1	1
654	a1	-0.000840412188408339	0.999913952733277	-0.000840484509803131	0.999329390464989	-1.96063574718472	1.9589549228079	0	GO:1900131	1	1
655	a1	-0.000840412188408339	0.999913952733277	-0.000840484509803131	0.999329390464989	-1.96063574718472	1.9589549228079	0	GO:0039019	1	1
656	a1	-0.000840412188408339	0.999913952733277	-0.000840484509803131	0.999329390464989	-1.96063574718472	1.9589549228079	0	GO:0042938	1	1
657	a1	-0.000840412188408339	0.999913952733277	-0.000840484509803131	0.999329390464989	-1.96063574718472	1.9589549228079	0	GO:1902340	1	1
658	a1	-0.000840412188408339	0.999913952733277	-0.000840484509803131	0.999329390464989	-1.96063574718472	1.9589549228079	0	GO:1902607	1	1
659	a1	-0.000840412188408339	0.999913952733277	-0.000840484509803131	0.999329390464989	-1.96063574718472	1.9589549228079	0	GO:0045623	1	1
660	a1	-0.000840412188408339	0.999913952733277	-0.000840484509803131	0.999329390464989	-1.96063574718472	1.9589549228079	0	GO:1900151	1	1
661	a1	-0.000840412188408339	0.999913952733277	-0.000840484509803131	0.999329390464989	-1.96063574718472	1.9589549228079	0	GO:0010990	1	1
662	a1	-0.000840412188408339	0.999913952733277	-0.000840484509803131	0.999329390464989	-1.96063574718472	1.9589549228079	0	GO:1904762	1	1
663	a1	-0.000840412188408339	0.999913952733277	-0.000840484509803131	0.999329390464989	-1.96063574718472	1.9589549228079	0	GO:0036211	1	1
664	a1	-0.000840412188408339	0.999913952733277	-0.000840484509803131	0.999329390464989	-1.96063574718472	1.9589549228079	0	GO:0018424	1	1
665	a1	-0.000840412188408339	0.999913952733277	-0.000840484509803131	0.999329390464989	-1.96063574718472	1.9589549228079	0	GO:1900099	1	1
666	a1	-0.000840412188408339	0.999913952733277	-0.000840484509803131	0.999329390464989	-1.96063574718472	1.9589549228079	0	GO:0002435	1	1
667	a1	-0.000840412188408339	0.999913952733277	-0.000840484509803131	0.999329390464989	-1.96063574718472	1.9589549228079	0	GO:1904220	1	1
668	a1	-0.000840412188408339	0.999913952733277	-0.000840484509803131	0.999329390464989	-1.96063574718472	1.9589549228079	0	GO:1905314	1	1
669	a1	-0.000840412188408339	0.999913952733277	-0.000840484509803131	0.999329390464989	-1.96063574718472	1.9589549228079	0	GO:0051780	1	1
670	a1	-0.000840412188408339	0.999913952733277	-0.000840484509803131	0.999329390464989	-1.96063574718472	1.9589549228079	0	GO:0021742	1	1
671	a1	-0.000840412188408339	0.999913952733277	-0.000840484509803131	0.999329390464989	-1.96063574718472	1.9589549228079	0	GO:0021743	1	1
672	a1	-0.000840412188408339	0.999913952733277	-0.000840484509803131	0.999329390464989	-1.96063574718472	1.9589549228079	0	GO:0060245	1	1
673	a1	-0.000840412188408339	0.999913952733277	-0.000840484509803131	0.999329390464989	-1.96063574718472	1.9589549228079	0	GO:0002566	1	1
674	a1	-0.000840412188408339	0.999913952733277	-0.000840484509803131	0.999329390464989	-1.96063574718472	1.9589549228079	0	GO:1900369	1	1
675	a1	-0.000840412188408339	0.999913952733277	-0.000840484509803131	0.999329390464989	-1.96063574718472	1.9589549228079	0	GO:1903893	1	1
676	a1	-0.000840412188408339	0.999913952733277	-0.000840484509803131	0.999329390464989	-1.96063574718472	1.9589549228079	0	GO:0099542	1	1
677	a1	-0.000840412188408339	0.999913952733277	-0.000840484509803131	0.999329390464989	-1.96063574718472	1.9589549228079	0	GO:0090126	1	1
678	a1	-0.000840412188408339	0.999913952733277	-0.000840484509803131	0.999329390464989	-1.96063574718472	1.9589549228079	0	GO:1905520	1	1
679	a1	-0.000840412188408339	0.999913952733277	-0.000840484509803131	0.999329390464989	-1.96063574718472	1.9589549228079	0	GO:0086069	1	1
680	a1	-0.000840412188408339	0.999913952733277	-0.000840484509803131	0.999329390464989	-1.96063574718472	1.9589549228079	0	GO:1902362	1	1
681	a1	-0.000840412188408339	0.999913952733277	-0.000840484509803131	0.999329390464989	-1.96063574718472	1.9589549228079	0	GO:1903054	1	1
682	a1	-0.000840412188408339	0.999913952733277	-0.000840484509803131	0.999329390464989	-1.96063574718472	1.9589549228079	0	GO:0042558	1	1
683	a1	-0.000840412188408339	0.999913952733277	-0.000840484509803131	0.999329390464989	-1.96063574718472	1.9589549228079	0	GO:0060300	1	1
684	a1	-0.000840412188408339	0.999913952733277	-0.000840484509803131	0.999329390464989	-1.96063574718472	1.9589549228079	0	GO:1904328	1	1
685	a1	-0.000840412188408339	0.999913952733277	-0.000840484509803131	0.999329390464989	-1.96063574718472	1.9589549228079	0	GO:0001770	1	1
686	a1	-0.000840412188408339	0.999913952733277	-0.000840484509803131	0.999329390464989	-1.96063574718472	1.9589549228079	0	GO:0061931	1	1
687	a1	-0.000840412188408339	0.999913952733277	-0.000840484509803131	0.999329390464989	-1.96063574718472	1.9589549228079	0	GO:1902838	1	1
688	a1	-0.000840412188408339	0.999913952733277	-0.000840484509803131	0.999329390464989	-1.96063574718472	1.9589549228079	0	GO:0051695	1	1
689	a1	-0.000840412188408339	0.999913952733277	-0.000840484509803131	0.999329390464989	-1.96063574718472	1.9589549228079	0	GO:0070861	1	1
690	a1	-0.000840412188408339	0.999913952733277	-0.000840484509803131	0.999329390464989	-1.96063574718472	1.9589549228079	0	GO:0140253	1	1
691	a1	-0.000840412188408339	0.999913952733277	-0.000840484509803131	0.999329390464989	-1.96063574718472	1.9589549228079	0	GO:1902824	1	1
692	a1	-0.000840412188408339	0.999913952733277	-0.000840484509803131	0.999329390464989	-1.96063574718472	1.9589549228079	0	GO:1901622	1	1
693	a1	-0.000840412188408339	0.999913952733277	-0.000840484509803131	0.999329390464989	-1.96063574718472	1.9589549228079	0	GO:0097298	1	1
694	a1	-0.000840412188408339	0.999913952733277	-0.000840484509803131	0.999329390464989	-1.96063574718472	1.9589549228079	0	GO:0033274	1	1
695	a1	-0.000840412188408339	0.999913952733277	-0.000840484509803131	0.999329390464989	-1.96063574718472	1.9589549228079	0	GO:0001811	1	1
696	a1	-0.000840412188408339	0.999913952733277	-0.000840484509803131	0.999329390464989	-1.96063574718472	1.9589549228079	0	GO:0001814	1	1
697	a1	-0.000840412188408339	0.999913952733277	-0.000840484509803131	0.999329390464989	-1.96063574718472	1.9589549228079	0	GO:0002266	1	1
698	a1	-0.000840412188408339	0.999913952733277	-0.000840484509803131	0.999329390464989	-1.96063574718472	1.9589549228079	0	GO:0002436	1	1
699	a1	-0.000840412188408339	0.999913952733277	-0.000840484509803131	0.999329390464989	-1.96063574718472	1.9589549228079	0	GO:0002622	1	1
700	a1	-0.000840412188408339	0.999913952733277	-0.000840484509803131	0.999329390464989	-1.96063574718472	1.9589549228079	0	GO:0090264	1	1
701	a1	-0.000840412188408339	0.999913952733277	-0.000840484509803131	0.999329390464989	-1.96063574718472	1.9589549228079	0	GO:1905898	1	1
702	a1	-0.000699493531530883	0.999936852612835	-0.000699537705509209	0.999441849710597	-1.96053971146702	1.95914072440396	0	GO:1904956	2	1
703	a1	-0.000699493531530883	0.999936852612835	-0.000699537705509209	0.999441849710597	-1.96053971146702	1.95914072440396	0	GO:2000041	2	1
704	a1	0	1	0	1	-1.95996398454005	1.95996398454005	1	GO:0000003	4	0.75
705	a1	0	1	0	1	-1.95996398454005	1.95996398454005	1	GO:0036060	1	1
706	a1	0	1	0	1	-1.95996398454005	1.95996398454005	1	GO:0090230	2	1
707	a1	0	1	0	1	-1.95996398454005	1.95996398454005	1	GO:0015850	1	1
708	a1	0	1	0	1	-1.95996398454005	1.95996398454005	1	GO:0051608	1	1
709	a1	0	1	0	1	-1.95996398454005	1.95996398454005	1	GO:1901208	1	1
710	a1	0	1	0	1	-1.95996398454005	1.95996398454005	1	GO:1901211	1	1
711	a1	0	1	0	1	-1.95996398454005	1.95996398454005	1	GO:0051142	4	0.75
712	a1	0	1	0	1	-1.95996398454005	1.95996398454005	1	GO:2000706	1	1
713	a1	0	1	0	1	-1.95996398454005	1.95996398454005	1	GO:2000798	1	1
714	a1	0	1	0	1	-1.95996398454005	1.95996398454005	1	GO:0000469	3	1
715	a1	0	1	0	1	-1.95996398454005	1.95996398454005	1	GO:0097699	1	1
716	a1	0	1	0	1	-1.95996398454005	1.95996398454005	1	GO:0051413	1	1
717	a1	0	1	0	1	-1.95996398454005	1.95996398454005	1	GO:0044345	1	1
718	a1	0	1	0	1	-1.95996398454005	1.95996398454005	1	GO:0090246	1	1
719	a1	0	1	0	1	-1.95996398454005	1.95996398454005	1	GO:2000080	1	1
720	a1	0	1	0	1	-1.95996398454005	1.95996398454005	1	GO:1901382	2	1
721	a1	0	1	0	1	-1.95996398454005	1.95996398454005	1	GO:1904708	1	1
722	a1	0	1	0	1	-1.95996398454005	1.95996398454005	1	GO:1904566	1	1
723	a1	0	1	0	1	-1.95996398454005	1.95996398454005	1	GO:0036292	1	1
724	a1	0	1	0	1	-1.95996398454005	1.95996398454005	1	GO:1900101	1	1
725	a1	0	1	0	1	-1.95996398454005	1.95996398454005	1	GO:0002505	1	1
726	a1	0	1	0	1	-1.95996398454005	1.95996398454005	1	GO:0002747	1	1
727	a1	0	1	0	1	-1.95996398454005	1.95996398454005	1	GO:0046754	1	1
728	a1	0	1	0	1	-1.95996398454005	1.95996398454005	1	GO:0035822	1	1
729	a1	0	1	0	1	-1.95996398454005	1.95996398454005	1	GO:0060382	1	1
730	a1	0	1	0	1	-1.95996398454005	1.95996398454005	1	GO:1990968	1	1
731	a1	0	1	0	1	-1.95996398454005	1.95996398454005	1	GO:1990969	1	1
732	a1	0	1	0	1	-1.95996398454005	1.95996398454005	1	GO:1903544	1	1
733	a1	0	1	0	1	-1.95996398454005	1.95996398454005	1	GO:0031937	1	1
