Parameter	Estimate	SE	z	pval	CI_Leftlim	CI_Rightlim	CONVERGED	GO_term	term_size	prop_rep
1	a1	1.34339130332003	0.777323024654464	1.72822785471612	0.0839473816820623	-0.180133829356457	2.86691643599652	1	GO:1904823	4	0.75
2	a1	1.34339130332003	0.777323024654464	1.72822785471612	0.0839473816820623	-0.180133829356457	2.86691643599652	1	GO:0015855	4	0.75
3	a1	1.2464697282651	0.756394656051026	1.64790922079308	0.099371300969952	-0.236036555693478	2.72897601222367	1	GO:0035315	7	0.714285714285714
4	a1	0.643171249371672	0.879057419243348	0.731660111492244	0.46437604854671	-1.07974963268802	2.36609213143136	1	GO:1905448	4	0.75
5	a1	0.636969636304609	0.880020359466259	0.723812386216765	0.469180924050102	-1.08783857391125	2.36177784652047	1	GO:0043570	4	0.75
6	a1	0.421022046207223	0.930420146693083	0.452507448063789	0.650903456850178	-1.40256793180169	2.24461202421614	1	GO:0043933	2	1
7	a1	0.109820890335988	0.960453199337962	0.114342781524064	0.908966070115141	-1.77263278920269	1.99227456987466	1	GO:0051096	7	0.714285714285714
8	a1	0.0776937314938451	0.995124445341957	0.0780743874371884	0.937768880854253	-1.87271434151179	2.02810180449948	0	GO:0071036	1	1
9	a1	0.0776937314938451	0.995124445341957	0.0780743874371884	0.937768880854253	-1.87271434151179	2.02810180449948	0	GO:0071037	1	1
10	a1	0.0776937314938451	0.995124445341957	0.0780743874371884	0.937768880854253	-1.87271434151179	2.02810180449948	0	GO:0071039	1	1
11	a1	0.0776937314938451	0.995124445341957	0.0780743874371884	0.937768880854253	-1.87271434151179	2.02810180449948	0	GO:0071040	1	1
12	a1	0.0154057979909674	0.999233076609953	0.0154176221259947	0.987699004674036	-1.94305504432569	1.97386664030763	0	GO:0031937	1	1
13	a1	0.00469295781091038	0.999795295703001	0.00469391867623317	0.996254808511462	-1.95486981367955	1.96425572930137	0	GO:0045887	1	1
14	a1	0.00424313611955923	0.999816822576584	0.00424391350870095	0.996613857098553	-1.95536182726782	1.96384809950694	0	GO:0070716	1	1
15	a1	0.00254078716394336	0.999895813339243	0.00254105190765643	0.997972536096553	-1.95721899527336	1.96230056960124	0	GO:2000689	1	1
16	a1	0.00254078716394336	0.999895813339243	0.00254105190765643	0.997972536096553	-1.95721899527336	1.96230056960124	0	GO:2000983	1	1
17	a1	0.00216909344811803	0.999912446087801	0.00216928337736438	0.998269163642687	-1.95762328857732	1.96196147547356	0	GO:0015850	1	1
18	a1	0.00216909344811803	0.999912446087801	0.00216928337736438	0.998269163642687	-1.95762328857732	1.96196147547356	0	GO:0051608	1	1
19	a1	0.00212803616093069	0.999916857375963	0.00212821310615285	0.998301932902342	-1.95767299183043	1.96192906415229	0	GO:0045186	1	1
20	a1	0.00212803615268206	0.999916857371139	0.0021282130979138	0.998301932908916	-1.95767299182922	1.96192906413459	0	GO:0060697	1	1
21	a1	0.0021273775655344	0.999916857505769	0.00212755445571846	0.998302458428165	-1.95767365068024	1.96192840581131	0	GO:0035340	1	1
22	a1	0.00206999944396647	0.999919062295613	0.00207016699853103	0.998348246893378	-1.9577353501105	1.96187534899843	0	GO:0070861	1	1
23	a1	0.00206750618199265	0.999919162212846	0.00206767332812905	0.998350236550234	-1.95773803920665	1.96187305157063	0	GO:0061078	1	1
24	a1	0.00206750618199265	0.999919162212846	0.00206767332812905	0.998350236550234	-1.95773803920665	1.96187305157063	0	GO:0061081	1	1
25	a1	0.00189473209402241	0.999925911701809	0.00189487248189988	0.998488111406752	-1.9579240420499	1.96171350623795	0	GO:1903300	1	1
26	a1	0.00177027018672896	0.999930769714715	0.00177039275152421	0.998587431694901	-1.95805802548753	1.96159856586098	0	GO:1904877	1	1
27	a1	-0.00106619238224159	0.999916822785044	-0.00106628107253156	0.999149230955965	-1.96086715257665	1.95873476781216	0	GO:0048339	8	0.75
28	a1	-0.00103581383565226	0.999916824187437	-0.00103589999747628	0.999173471533301	-1.9608367767787	1.95876514910739	0	GO:0043549	6	0.833333333333333
29	a1	-0.000998638367579429	0.999916826256511	-0.000998721434979878	0.999203135718958	-1.96079960536594	1.95880232863078	0	GO:0110053	4	1
30	a1	-0.000998638367579429	0.999916826256511	-0.000998721434979878	0.999203135718958	-1.96079960536594	1.95880232863078	0	GO:0051984	5	0.8
31	a1	-0.000998638367579429	0.999916826256511	-0.000998721434979878	0.999203135718958	-1.96079960536594	1.95880232863078	0	GO:0015936	5	0.8
32	a1	-0.000950714629504235	0.999916829720056	-0.000950793707283039	0.999241376494751	-1.96075168841628	1.95885025915727	0	GO:0051972	4	0.75
33	a1	-0.000950714629504235	0.999916829720056	-0.000950793707283039	0.999241376494751	-1.96075168841628	1.95885025915727	0	GO:1903053	4	0.75
34	a1	-0.000950714629504235	0.999916829720056	-0.000950793707283039	0.999241376494751	-1.96075168841628	1.95885025915727	0	GO:0019448	3	1
35	a1	-0.000950714629504235	0.999916829720056	-0.000950793707283039	0.999241376494751	-1.96075168841628	1.95885025915727	0	GO:0038028	4	0.75
36	a1	-0.000950714629504235	0.999916829720056	-0.000950793707283039	0.999241376494751	-1.96075168841628	1.95885025915727	0	GO:0070252	4	0.75
37	a1	-0.000950714629504235	0.999916829720056	-0.000950793707283039	0.999241376494751	-1.96075168841628	1.95885025915727	0	GO:0051306	4	0.75
38	a1	-0.000950714629504235	0.999916829720056	-0.000950793707283039	0.999241376494751	-1.96075168841628	1.95885025915727	0	GO:0006642	4	0.75
39	a1	-0.000950714629504235	0.999916829720056	-0.000950793707283039	0.999241376494751	-1.96075168841628	1.95885025915727	0	GO:0072137	4	0.75
40	a1	-0.000950714629504235	0.999916829720056	-0.000950793707283039	0.999241376494751	-1.96075168841628	1.95885025915727	0	GO:0042360	3	1
41	a1	-0.000950714629504235	0.999916829720056	-0.000950793707283039	0.999241376494751	-1.96075168841628	1.95885025915727	0	GO:0042361	4	0.75
42	a1	-0.000950714629504235	0.999916829720056	-0.000950793707283039	0.999241376494751	-1.96075168841628	1.95885025915727	0	GO:0042376	4	0.75
43	a1	-0.000950714629504235	0.999916829720056	-0.000950793707283039	0.999241376494751	-1.96075168841628	1.95885025915727	0	GO:0042377	4	0.75
44	a1	-0.000950714629504235	0.999916829720056	-0.000950793707283039	0.999241376494751	-1.96075168841628	1.95885025915727	0	GO:0009097	3	1
45	a1	-0.000950714629504235	0.999916829720056	-0.000950793707283039	0.999241376494751	-1.96075168841628	1.95885025915727	0	GO:0032185	3	1
46	a1	-0.000950714629504235	0.999916829720056	-0.000950793707283039	0.999241376494751	-1.96075168841628	1.95885025915727	0	GO:0035809	4	0.75
47	a1	-0.000950714629504235	0.999916829720056	-0.000950793707283039	0.999241376494751	-1.96075168841628	1.95885025915727	0	GO:0044278	4	0.75
48	a1	-0.000950714629504235	0.999916829720056	-0.000950793707283039	0.999241376494751	-1.96075168841628	1.95885025915727	0	GO:0060838	3	1
49	a1	-0.000950714629504235	0.999916829720056	-0.000950793707283039	0.999241376494751	-1.96075168841628	1.95885025915727	0	GO:0090306	3	1
50	a1	-0.000950714629504235	0.999916829720056	-0.000950793707283039	0.999241376494751	-1.96075168841628	1.95885025915727	0	GO:0007228	3	1
51	a1	-0.000950714629504235	0.999916829720056	-0.000950793707283039	0.999241376494751	-1.96075168841628	1.95885025915727	0	GO:0045058	3	1
52	a1	-0.000950714629504235	0.999916829720056	-0.000950793707283039	0.999241376494751	-1.96075168841628	1.95885025915727	0	GO:0050651	3	1
53	a1	-0.000950714629504235	0.999916829720056	-0.000950793707283039	0.999241376494751	-1.96075168841628	1.95885025915727	0	GO:0018916	4	0.75
54	a1	-0.000950714629504235	0.999916829720056	-0.000950793707283039	0.999241376494751	-1.96075168841628	1.95885025915727	0	GO:0071663	3	1
55	a1	-0.000950714629504235	0.999916829720056	-0.000950793707283039	0.999241376494751	-1.96075168841628	1.95885025915727	0	GO:1903659	4	0.75
56	a1	-0.000883170156614041	0.999916836627265	-0.000883243610131606	0.999295273651677	-1.96068415748127	1.95891781716805	0	GO:0086067	2	1
57	a1	-0.000883170156614041	0.999916836627265	-0.000883243610131606	0.999295273651677	-1.96068415748127	1.95891781716805	0	GO:2000403	2	1
58	a1	-0.000883170156614041	0.999916836627265	-0.000883243610131606	0.999295273651677	-1.96068415748127	1.95891781716805	0	GO:0071812	2	1
59	a1	-0.000883170156614041	0.999916836627265	-0.000883243610131606	0.999295273651677	-1.96068415748127	1.95891781716805	0	GO:0071848	2	1
60	a1	-0.000883170156614041	0.999916836627265	-0.000883243610131606	0.999295273651677	-1.96068415748127	1.95891781716805	0	GO:1902957	2	1
61	a1	-0.000883170156614041	0.999916836627265	-0.000883243610131606	0.999295273651677	-1.96068415748127	1.95891781716805	0	GO:0009257	2	1
62	a1	-0.000883170156614041	0.999916836627265	-0.000883243610131606	0.999295273651677	-1.96068415748127	1.95891781716805	0	GO:0060313	2	1
63	a1	-0.000883170156614041	0.999916836627265	-0.000883243610131606	0.999295273651677	-1.96068415748127	1.95891781716805	0	GO:0036265	2	1
64	a1	-0.000883170156614041	0.999916836627265	-0.000883243610131606	0.999295273651677	-1.96068415748127	1.95891781716805	0	GO:0106004	2	1
65	a1	-0.000883170156614041	0.999916836627265	-0.000883243610131606	0.999295273651677	-1.96068415748127	1.95891781716805	0	GO:0140013	2	1
66	a1	-0.000883170156614041	0.999916836627265	-0.000883243610131606	0.999295273651677	-1.96068415748127	1.95891781716805	0	GO:0006720	2	1
67	a1	-0.000883170156614041	0.999916836627265	-0.000883243610131606	0.999295273651677	-1.96068415748127	1.95891781716805	0	GO:0070453	2	1
68	a1	-0.000883170156614041	0.999916836627265	-0.000883243610131606	0.999295273651677	-1.96068415748127	1.95891781716805	0	GO:0045069	2	1
69	a1	-0.000883170156614041	0.999916836627265	-0.000883243610131606	0.999295273651677	-1.96068415748127	1.95891781716805	0	GO:0048160	2	1
70	a1	-0.000883170156614041	0.999916836627265	-0.000883243610131606	0.999295273651677	-1.96068415748127	1.95891781716805	0	GO:0071963	2	1
71	a1	-0.000883170156614041	0.999916836627265	-0.000883243610131606	0.999295273651677	-1.96068415748127	1.95891781716805	0	GO:0031106	2	1
72	a1	-0.000883170156614041	0.999916836627265	-0.000883243610131606	0.999295273651677	-1.96068415748127	1.95891781716805	0	GO:2000502	2	1
73	a1	-0.000883170156614041	0.999916836627265	-0.000883243610131606	0.999295273651677	-1.96068415748127	1.95891781716805	0	GO:1905818	2	1
74	a1	-0.000883170156614041	0.999916836627265	-0.000883243610131606	0.999295273651677	-1.96068415748127	1.95891781716805	0	GO:1905793	2	1
75	a1	-0.000883170156614041	0.999916836627265	-0.000883243610131606	0.999295273651677	-1.96068415748127	1.95891781716805	0	GO:0009396	2	1
76	a1	-0.000883170156614041	0.999916836627265	-0.000883243610131606	0.999295273651677	-1.96068415748127	1.95891781716805	0	GO:0090230	2	1
77	a1	-0.000883170156614041	0.999916836627265	-0.000883243610131606	0.999295273651677	-1.96068415748127	1.95891781716805	0	GO:0019878	2	1
78	a1	-0.000883170156614041	0.999916836627265	-0.000883243610131606	0.999295273651677	-1.96068415748127	1.95891781716805	0	GO:0002540	2	1
79	a1	-0.000883170156614041	0.999916836627265	-0.000883243610131606	0.999295273651677	-1.96068415748127	1.95891781716805	0	GO:0006147	2	1
80	a1	-0.000883170156614041	0.999916836627265	-0.000883243610131606	0.999295273651677	-1.96068415748127	1.95891781716805	0	GO:0006161	2	1
81	a1	-0.000883170156614041	0.999916836627265	-0.000883243610131606	0.999295273651677	-1.96068415748127	1.95891781716805	0	GO:0021842	2	1
82	a1	-0.000883170156614041	0.999916836627265	-0.000883243610131606	0.999295273651677	-1.96068415748127	1.95891781716805	0	GO:0000493	2	1
83	a1	-0.000883170156614041	0.999916836627265	-0.000883243610131606	0.999295273651677	-1.96068415748127	1.95891781716805	0	GO:0002121	2	1
84	a1	-0.000883170156614041	0.999916836627265	-0.000883243610131606	0.999295273651677	-1.96068415748127	1.95891781716805	0	GO:0042321	2	1
85	a1	-0.000883170156614041	0.999916836627265	-0.000883243610131606	0.999295273651677	-1.96068415748127	1.95891781716805	0	GO:0001828	2	1
86	a1	-0.000883170156614041	0.999916836627265	-0.000883243610131606	0.999295273651677	-1.96068415748127	1.95891781716805	0	GO:1901407	2	1
87	a1	-0.000883170156614041	0.999916836627265	-0.000883243610131606	0.999295273651677	-1.96068415748127	1.95891781716805	0	GO:0051621	2	1
88	a1	-0.000883170156614041	0.999916836627265	-0.000883243610131606	0.999295273651677	-1.96068415748127	1.95891781716805	0	GO:0046370	2	1
89	a1	-0.000883170156614041	0.999916836627265	-0.000883243610131606	0.999295273651677	-1.96068415748127	1.95891781716805	0	GO:0070895	2	1
90	a1	-0.000883170156614041	0.999916836627265	-0.000883243610131606	0.999295273651677	-1.96068415748127	1.95891781716805	0	GO:1904808	2	1
91	a1	-0.000883170156614041	0.999916836627265	-0.000883243610131606	0.999295273651677	-1.96068415748127	1.95891781716805	0	GO:0072272	2	1
92	a1	-0.000883170156614041	0.999916836627265	-0.000883243610131606	0.999295273651677	-1.96068415748127	1.95891781716805	0	GO:0015942	2	1
93	a1	-0.000883170156614041	0.999916836627265	-0.000883243610131606	0.999295273651677	-1.96068415748127	1.95891781716805	0	GO:0098886	2	1
94	a1	-0.000883170156614041	0.999916836627265	-0.000883243610131606	0.999295273651677	-1.96068415748127	1.95891781716805	0	GO:0006581	2	1
95	a1	-0.000883170156614041	0.999916836627265	-0.000883243610131606	0.999295273651677	-1.96068415748127	1.95891781716805	0	GO:0044090	2	1
96	a1	-0.000883170156614041	0.999916836627265	-0.000883243610131606	0.999295273651677	-1.96068415748127	1.95891781716805	0	GO:0006429	2	1
97	a1	-0.000883170156614041	0.999916836627265	-0.000883243610131606	0.999295273651677	-1.96068415748127	1.95891781716805	0	GO:0050653	2	1
98	a1	-0.000883170156614041	0.999916836627265	-0.000883243610131606	0.999295273651677	-1.96068415748127	1.95891781716805	0	GO:0090646	2	1
99	a1	-0.000883170156614041	0.999916836627265	-0.000883243610131606	0.999295273651677	-1.96068415748127	1.95891781716805	0	GO:1990044	2	1
100	a1	-0.000883170156614041	0.999916836627265	-0.000883243610131606	0.999295273651677	-1.96068415748127	1.95891781716805	0	GO:0035683	2	1
101	a1	-0.000883170156614041	0.999916836627265	-0.000883243610131606	0.999295273651677	-1.96068415748127	1.95891781716805	0	GO:0051935	2	1
102	a1	-0.000883170156614041	0.999916836627265	-0.000883243610131606	0.999295273651677	-1.96068415748127	1.95891781716805	0	GO:0034276	2	1
103	a1	-0.000883170156614041	0.999916836627265	-0.000883243610131606	0.999295273651677	-1.96068415748127	1.95891781716805	0	GO:0031649	2	1
104	a1	-0.000883170156614041	0.999916836627265	-0.000883243610131606	0.999295273651677	-1.96068415748127	1.95891781716805	0	GO:0051093	2	1
105	a1	-0.000883170156614041	0.999916836627265	-0.000883243610131606	0.999295273651677	-1.96068415748127	1.95891781716805	0	GO:2000077	2	1
106	a1	-0.000883170156614041	0.999916836627265	-0.000883243610131606	0.999295273651677	-1.96068415748127	1.95891781716805	0	GO:0010623	2	1
107	a1	-0.000767674801152149	0.999916857404302	-0.000767738632934909	0.999387433258226	-1.96056870284806	1.95903335324575	0	GO:0086072	1	1
108	a1	-0.000767674801152149	0.999916857404302	-0.000767738632934909	0.999387433258226	-1.96056870284806	1.95903335324575	0	GO:0034231	1	1
109	a1	-0.000767674801152149	0.999916857404302	-0.000767738632934909	0.999387433258226	-1.96056870284806	1.95903335324575	0	GO:1900753	1	1
110	a1	-0.000767674801152149	0.999916857404302	-0.000767738632934909	0.999387433258226	-1.96056870284806	1.95903335324575	0	GO:1902983	1	1
111	a1	-0.000767674801152149	0.999916857404302	-0.000767738632934909	0.999387433258226	-1.96056870284806	1.95903335324575	0	GO:0032683	1	1
112	a1	-0.000767674801152149	0.999916857404302	-0.000767738632934909	0.999387433258226	-1.96056870284806	1.95903335324575	0	GO:1902729	1	1
113	a1	-0.000767674801152149	0.999916857404302	-0.000767738632934909	0.999387433258226	-1.96056870284806	1.95903335324575	0	GO:1902730	1	1
114	a1	-0.000767674801152149	0.999916857404302	-0.000767738632934909	0.999387433258226	-1.96056870284806	1.95903335324575	0	GO:0009070	1	1
115	a1	-0.000767674801152149	0.999916857404302	-0.000767738632934909	0.999387433258226	-1.96056870284806	1.95903335324575	0	GO:0106289	1	1
116	a1	-0.000767674801152149	0.999916857404302	-0.000767738632934909	0.999387433258226	-1.96056870284806	1.95903335324575	0	GO:0009443	1	1
117	a1	-0.000767674801152149	0.999916857404302	-0.000767738632934909	0.999387433258226	-1.96056870284806	1.95903335324575	0	GO:1904530	1	1
118	a1	-0.000767674801152149	0.999916857404302	-0.000767738632934909	0.999387433258226	-1.96056870284806	1.95903335324575	0	GO:1903621	1	1
119	a1	-0.000767674801152149	0.999916857404302	-0.000767738632934909	0.999387433258226	-1.96056870284806	1.95903335324575	0	GO:0010711	1	1
120	a1	-0.000767674801152149	0.999916857404302	-0.000767738632934909	0.999387433258226	-1.96056870284806	1.95903335324575	0	GO:0060311	1	1
121	a1	-0.000767674801152149	0.999916857404302	-0.000767738632934909	0.999387433258226	-1.96056870284806	1.95903335324575	0	GO:0044089	1	1
122	a1	-0.000767674801152149	0.999916857404302	-0.000767738632934909	0.999387433258226	-1.96056870284806	1.95903335324575	0	GO:0036325	1	1
123	a1	-0.000767674801152149	0.999916857404302	-0.000767738632934909	0.999387433258226	-1.96056870284806	1.95903335324575	0	GO:0000461	1	1
124	a1	-0.000767674801152149	0.999916857404302	-0.000767738632934909	0.999387433258226	-1.96056870284806	1.95903335324575	0	GO:0045919	1	1
125	a1	-0.000767674801152149	0.999916857404302	-0.000767738632934909	0.999387433258226	-1.96056870284806	1.95903335324575	0	GO:0019606	1	1
126	a1	-0.000767674801152149	0.999916857404302	-0.000767738632934909	0.999387433258226	-1.96056870284806	1.95903335324575	0	GO:0002458	1	1
127	a1	-0.000767674801152149	0.999916857404302	-0.000767738632934909	0.999387433258226	-1.96056870284806	1.95903335324575	0	GO:0002509	1	1
128	a1	-0.000767674801152149	0.999916857404302	-0.000767738632934909	0.999387433258226	-1.96056870284806	1.95903335324575	0	GO:2000410	1	1
129	a1	-0.000767674801152149	0.999916857404302	-0.000767738632934909	0.999387433258226	-1.96056870284806	1.95903335324575	0	GO:0060376	1	1
130	a1	-0.000767674801152149	0.999916857404302	-0.000767738632934909	0.999387433258226	-1.96056870284806	1.95903335324575	0	GO:0051455	1	1
131	a1	-0.000767674801152149	0.999916857404302	-0.000767738632934909	0.999387433258226	-1.96056870284806	1.95903335324575	0	GO:0002946	1	1
132	a1	-0.000767674801152149	0.999916857404302	-0.000767738632934909	0.999387433258226	-1.96056870284806	1.95903335324575	0	GO:0006713	1	1
133	a1	-0.000767674801152149	0.999916857404302	-0.000767738632934909	0.999387433258226	-1.96056870284806	1.95903335324575	0	GO:1904876	1	1
134	a1	-0.000767674801152149	0.999916857404302	-0.000767738632934909	0.999387433258226	-1.96056870284806	1.95903335324575	0	GO:0030392	1	1
135	a1	-0.000767674801152149	0.999916857404302	-0.000767738632934909	0.999387433258226	-1.96056870284806	1.95903335324575	0	GO:0015864	1	1
136	a1	-0.000767674801152149	0.999916857404302	-0.000767738632934909	0.999387433258226	-1.96056870284806	1.95903335324575	0	GO:1905267	1	1
137	a1	-0.000767674801152149	0.999916857404302	-0.000767738632934909	0.999387433258226	-1.96056870284806	1.95903335324575	0	GO:0033396	1	1
138	a1	-0.000767674801152149	0.999916857404302	-0.000767738632934909	0.999387433258226	-1.96056870284806	1.95903335324575	0	GO:0046135	1	1
139	a1	-0.000767674801152149	0.999916857404302	-0.000767738632934909	0.999387433258226	-1.96056870284806	1.95903335324575	0	GO:1902914	1	1
140	a1	-0.000767674801152149	0.999916857404302	-0.000767738632934909	0.999387433258226	-1.96056870284806	1.95903335324575	0	GO:0032848	1	1
141	a1	-0.000767674801152149	0.999916857404302	-0.000767738632934909	0.999387433258226	-1.96056870284806	1.95903335324575	0	GO:0048753	1	1
142	a1	-0.000767674801152149	0.999916857404302	-0.000767738632934909	0.999387433258226	-1.96056870284806	1.95903335324575	0	GO:1903720	1	1
143	a1	-0.000767674801152149	0.999916857404302	-0.000767738632934909	0.999387433258226	-1.96056870284806	1.95903335324575	0	GO:0048075	1	1
144	a1	-0.000767674801152149	0.999916857404302	-0.000767738632934909	0.999387433258226	-1.96056870284806	1.95903335324575	0	GO:1904140	1	1
145	a1	-0.000767674801152149	0.999916857404302	-0.000767738632934909	0.999387433258226	-1.96056870284806	1.95903335324575	0	GO:0010999	1	1
146	a1	-0.000767674801152149	0.999916857404302	-0.000767738632934909	0.999387433258226	-1.96056870284806	1.95903335324575	0	GO:0046984	1	1
147	a1	-0.000767674801152149	0.999916857404302	-0.000767738632934909	0.999387433258226	-1.96056870284806	1.95903335324575	0	GO:0046986	1	1
148	a1	-0.000767674801152149	0.999916857404302	-0.000767738632934909	0.999387433258226	-1.96056870284806	1.95903335324575	0	GO:0045993	1	1
149	a1	-0.000767674801152149	0.999916857404302	-0.000767738632934909	0.999387433258226	-1.96056870284806	1.95903335324575	0	GO:1903632	1	1
150	a1	-0.000767674801152149	0.999916857404302	-0.000767738632934909	0.999387433258226	-1.96056870284806	1.95903335324575	0	GO:0045091	1	1
151	a1	-0.000767674801152149	0.999916857404302	-0.000767738632934909	0.999387433258226	-1.96056870284806	1.95903335324575	0	GO:0038123	1	1
152	a1	-0.000767674801152149	0.999916857404302	-0.000767738632934909	0.999387433258226	-1.96056870284806	1.95903335324575	0	GO:0070951	1	1
153	a1	-0.000767674801152149	0.999916857404302	-0.000767738632934909	0.999387433258226	-1.96056870284806	1.95903335324575	0	GO:0009231	1	1
154	a1	-0.000767674801152149	0.999916857404302	-0.000767738632934909	0.999387433258226	-1.96056870284806	1.95903335324575	0	GO:0009398	1	1
155	a1	-0.000767674801152149	0.999916857404302	-0.000767738632934909	0.999387433258226	-1.96056870284806	1.95903335324575	0	GO:0002101	1	1
156	a1	-0.000767674801152149	0.999916857404302	-0.000767738632934909	0.999387433258226	-1.96056870284806	1.95903335324575	0	GO:1990983	1	1
157	a1	-0.000767674801152149	0.999916857404302	-0.000767738632934909	0.999387433258226	-1.96056870284806	1.95903335324575	0	GO:0110059	1	1
158	a1	-0.000767674801152149	0.999916857404302	-0.000767738632934909	0.999387433258226	-1.96056870284806	1.95903335324575	0	GO:0019081	1	1
159	a1	-0.000767674801152149	0.999916857404302	-0.000767738632934909	0.999387433258226	-1.96056870284806	1.95903335324575	0	GO:0086050	1	1
160	a1	-0.000767674801152149	0.999916857404302	-0.000767738632934909	0.999387433258226	-1.96056870284806	1.95903335324575	0	GO:0086052	1	1
161	a1	-0.000767674801152149	0.999916857404302	-0.000767738632934909	0.999387433258226	-1.96056870284806	1.95903335324575	0	GO:1904054	1	1
162	a1	-0.000767674801152149	0.999916857404302	-0.000767738632934909	0.999387433258226	-1.96056870284806	1.95903335324575	0	GO:0001820	1	1
163	a1	-0.000767674801152149	0.999916857404302	-0.000767738632934909	0.999387433258226	-1.96056870284806	1.95903335324575	0	GO:0002696	1	1
164	a1	-0.000767674801152149	0.999916857404302	-0.000767738632934909	0.999387433258226	-1.96056870284806	1.95903335324575	0	GO:0032752	1	1
165	a1	-0.000767674801152149	0.999916857404302	-0.000767738632934909	0.999387433258226	-1.96056870284806	1.95903335324575	0	GO:0032928	1	1
166	a1	-0.000767674801152149	0.999916857404302	-0.000767738632934909	0.999387433258226	-1.96056870284806	1.95903335324575	0	GO:0090237	1	1
167	a1	-0.000767674801152149	0.999916857404302	-0.000767738632934909	0.999387433258226	-1.96056870284806	1.95903335324575	0	GO:0051466	1	1
168	a1	-0.000767674801152149	0.999916857404302	-0.000767738632934909	0.999387433258226	-1.96056870284806	1.95903335324575	0	GO:1904616	1	1
169	a1	-0.000767674801152149	0.999916857404302	-0.000767738632934909	0.999387433258226	-1.96056870284806	1.95903335324575	0	GO:1904240	1	1
170	a1	-0.000767674801152149	0.999916857404302	-0.000767738632934909	0.999387433258226	-1.96056870284806	1.95903335324575	0	GO:0072202	1	1
171	a1	-0.000767674801152149	0.999916857404302	-0.000767738632934909	0.999387433258226	-1.96056870284806	1.95903335324575	0	GO:0086103	1	1
172	a1	-0.000767674801152149	0.999916857404302	-0.000767738632934909	0.999387433258226	-1.96056870284806	1.95903335324575	0	GO:0007387	1	1
173	a1	-0.000767674801152149	0.999916857404302	-0.000767738632934909	0.999387433258226	-1.96056870284806	1.95903335324575	0	GO:0007388	1	1
174	a1	-0.000767674801152149	0.999916857404302	-0.000767738632934909	0.999387433258226	-1.96056870284806	1.95903335324575	0	GO:2000616	1	1
175	a1	-0.000767674801152149	0.999916857404302	-0.000767738632934909	0.999387433258226	-1.96056870284806	1.95903335324575	0	GO:1901787	1	1
176	a1	-0.000767674801152149	0.999916857404302	-0.000767738632934909	0.999387433258226	-1.96056870284806	1.95903335324575	0	GO:1901003	1	1
177	a1	-0.000767674801152149	0.999916857404302	-0.000767738632934909	0.999387433258226	-1.96056870284806	1.95903335324575	0	GO:0000921	1	1
178	a1	-0.000767674801152149	0.999916857404302	-0.000767738632934909	0.999387433258226	-1.96056870284806	1.95903335324575	0	GO:0060739	1	1
179	a1	-0.000767674801152149	0.999916857404302	-0.000767738632934909	0.999387433258226	-1.96056870284806	1.95903335324575	0	GO:0000305	1	1
180	a1	-0.000767674801152149	0.999916857404302	-0.000767738632934909	0.999387433258226	-1.96056870284806	1.95903335324575	0	GO:0090721	1	1
181	a1	-0.000767674801152149	0.999916857404302	-0.000767738632934909	0.999387433258226	-1.96056870284806	1.95903335324575	0	GO:0035825	1	1
182	a1	-0.000767674801152149	0.999916857404302	-0.000767738632934909	0.999387433258226	-1.96056870284806	1.95903335324575	0	GO:0106047	1	1
183	a1	-0.000767674801152149	0.999916857404302	-0.000767738632934909	0.999387433258226	-1.96056870284806	1.95903335324575	0	GO:0106048	1	1
184	a1	-0.000767674801152149	0.999916857404302	-0.000767738632934909	0.999387433258226	-1.96056870284806	1.95903335324575	0	GO:0071449	1	1
185	a1	-0.000767674801152149	0.999916857404302	-0.000767738632934909	0.999387433258226	-1.96056870284806	1.95903335324575	0	GO:0008653	1	1
186	a1	-0.000767674801152149	0.999916857404302	-0.000767738632934909	0.999387433258226	-1.96056870284806	1.95903335324575	0	GO:0009104	1	1
187	a1	-0.000767674801152149	0.999916857404302	-0.000767738632934909	0.999387433258226	-1.96056870284806	1.95903335324575	0	GO:0060566	1	1
188	a1	-0.000767674801152149	0.999916857404302	-0.000767738632934909	0.999387433258226	-1.96056870284806	1.95903335324575	0	GO:2000806	1	1
189	a1	-0.000767674801152149	0.999916857404302	-0.000767738632934909	0.999387433258226	-1.96056870284806	1.95903335324575	0	GO:1905332	1	1
190	a1	-0.000767674801152149	0.999916857404302	-0.000767738632934909	0.999387433258226	-1.96056870284806	1.95903335324575	0	GO:1905772	1	1
191	a1	-0.000767674801152149	0.999916857404302	-0.000767738632934909	0.999387433258226	-1.96056870284806	1.95903335324575	0	GO:0003294	1	1
192	a1	-0.000767674801152149	0.999916857404302	-0.000767738632934909	0.999387433258226	-1.96056870284806	1.95903335324575	0	GO:0060156	1	1
193	a1	-0.000767674801152149	0.999916857404302	-0.000767738632934909	0.999387433258226	-1.96056870284806	1.95903335324575	0	GO:0051685	1	1
194	a1	-0.000767674801152149	0.999916857404302	-0.000767738632934909	0.999387433258226	-1.96056870284806	1.95903335324575	0	GO:0090298	1	1
195	a1	-0.000767674801152149	0.999916857404302	-0.000767738632934909	0.999387433258226	-1.96056870284806	1.95903335324575	0	GO:0030961	1	1
196	a1	-0.000767674801152149	0.999916857404302	-0.000767738632934909	0.999387433258226	-1.96056870284806	1.95903335324575	0	GO:0046901	1	1
197	a1	-0.000767674801152149	0.999916857404302	-0.000767738632934909	0.999387433258226	-1.96056870284806	1.95903335324575	0	GO:1904744	1	1
198	a1	-0.000767674801152149	0.999916857404302	-0.000767738632934909	0.999387433258226	-1.96056870284806	1.95903335324575	0	GO:0035684	1	1
199	a1	-0.000767674801152149	0.999916857404302	-0.000767738632934909	0.999387433258226	-1.96056870284806	1.95903335324575	0	GO:0009855	1	1
200	a1	-0.000767674801152149	0.999916857404302	-0.000767738632934909	0.999387433258226	-1.96056870284806	1.95903335324575	0	GO:0090242	1	1
201	a1	-0.000767674801152149	0.999916857404302	-0.000767738632934909	0.999387433258226	-1.96056870284806	1.95903335324575	0	GO:0045935	1	1
202	a1	-0.000767674801152149	0.999916857404302	-0.000767738632934909	0.999387433258226	-1.96056870284806	1.95903335324575	0	GO:1902165	1	1
203	a1	-0.000767674801152149	0.999916857404302	-0.000767738632934909	0.999387433258226	-1.96056870284806	1.95903335324575	0	GO:0036445	1	1
204	a1	-0.000767674801152149	0.999916857404302	-0.000767738632934909	0.999387433258226	-1.96056870284806	1.95903335324575	0	GO:0060829	1	1
205	a1	-0.000767674801152149	0.999916857404302	-0.000767738632934909	0.999387433258226	-1.96056870284806	1.95903335324575	0	GO:0060930	1	1
206	a1	-0.000767674801152149	0.999916857404302	-0.000767738632934909	0.999387433258226	-1.96056870284806	1.95903335324575	0	GO:1901881	1	1
207	a1	-0.000767674801152149	0.999916857404302	-0.000767738632934909	0.999387433258226	-1.96056870284806	1.95903335324575	0	GO:2000384	1	1
208	a1	-0.000767674801152149	0.999916857404302	-0.000767738632934909	0.999387433258226	-1.96056870284806	1.95903335324575	0	GO:1901475	1	1
209	a1	-0.000767674801152149	0.999916857404302	-0.000767738632934909	0.999387433258226	-1.96056870284806	1.95903335324575	0	GO:0150024	1	1
210	a1	-0.000767674801152149	0.999916857404302	-0.000767738632934909	0.999387433258226	-1.96056870284806	1.95903335324575	0	GO:0048698	1	1
211	a1	-0.000767674801152149	0.999916857404302	-0.000767738632934909	0.999387433258226	-1.96056870284806	1.95903335324575	0	GO:0018215	1	1
212	a1	-0.000767674801152149	0.999916857404302	-0.000767738632934909	0.999387433258226	-1.96056870284806	1.95903335324575	0	GO:0035508	1	1
213	a1	-0.000767674801152149	0.999916857404302	-0.000767738632934909	0.999387433258226	-1.96056870284806	1.95903335324575	0	GO:0070267	1	1
214	a1	-0.000767674801152149	0.999916857404302	-0.000767738632934909	0.999387433258226	-1.96056870284806	1.95903335324575	0	GO:2001246	1	1
215	a1	-0.000767674801152149	0.999916857404302	-0.000767738632934909	0.999387433258226	-1.96056870284806	1.95903335324575	0	GO:0140074	1	1
216	a1	-0.000767674801152149	0.999916857404302	-0.000767738632934909	0.999387433258226	-1.96056870284806	1.95903335324575	0	GO:0034373	1	1
217	a1	-0.000767674801152149	0.999916857404302	-0.000767738632934909	0.999387433258226	-1.96056870284806	1.95903335324575	0	GO:1905584	1	1
218	a1	-0.000767674801152149	0.999916857404302	-0.000767738632934909	0.999387433258226	-1.96056870284806	1.95903335324575	0	GO:0006843	1	1
219	a1	-0.000767674801152149	0.999916857404302	-0.000767738632934909	0.999387433258226	-1.96056870284806	1.95903335324575	0	GO:0032901	1	1
220	a1	-0.000767674801152149	0.999916857404302	-0.000767738632934909	0.999387433258226	-1.96056870284806	1.95903335324575	0	GO:0061365	1	1
221	a1	-0.000767674801152149	0.999916857404302	-0.000767738632934909	0.999387433258226	-1.96056870284806	1.95903335324575	0	GO:1904042	1	1
222	a1	-0.000767674801152149	0.999916857404302	-0.000767738632934909	0.999387433258226	-1.96056870284806	1.95903335324575	0	GO:0060268	1	1
223	a1	-0.000767674801152149	0.999916857404302	-0.000767738632934909	0.999387433258226	-1.96056870284806	1.95903335324575	0	GO:1901605	1	1
224	a1	-0.000767674801152149	0.999916857404302	-0.000767738632934909	0.999387433258226	-1.96056870284806	1.95903335324575	0	GO:1903118	1	1
225	a1	-0.000767674801152149	0.999916857404302	-0.000767738632934909	0.999387433258226	-1.96056870284806	1.95903335324575	0	GO:0000256	1	1
226	a1	-0.000767674801152149	0.999916857404302	-0.000767738632934909	0.999387433258226	-1.96056870284806	1.95903335324575	0	GO:1900276	1	1
227	a1	-0.000767674801152149	0.999916857404302	-0.000767738632934909	0.999387433258226	-1.96056870284806	1.95903335324575	0	GO:1900737	1	1
228	a1	-0.000767674801152149	0.999916857404302	-0.000767738632934909	0.999387433258226	-1.96056870284806	1.95903335324575	0	GO:0030954	1	1
229	a1	-0.000767674801152149	0.999916857404302	-0.000767738632934909	0.999387433258226	-1.96056870284806	1.95903335324575	0	GO:0038129	1	1
230	a1	-0.000767674801152149	0.999916857404302	-0.000767738632934909	0.999387433258226	-1.96056870284806	1.95903335324575	0	GO:0043624	1	1
231	a1	-0.000767674801152149	0.999916857404302	-0.000767738632934909	0.999387433258226	-1.96056870284806	1.95903335324575	0	GO:0038130	1	1
232	a1	-0.000767674801152149	0.999916857404302	-0.000767738632934909	0.999387433258226	-1.96056870284806	1.95903335324575	0	GO:2000380	1	1
233	a1	-0.000767674801152149	0.999916857404302	-0.000767738632934909	0.999387433258226	-1.96056870284806	1.95903335324575	0	GO:0061300	1	1
234	a1	-0.000767674801152149	0.999916857404302	-0.000767738632934909	0.999387433258226	-1.96056870284806	1.95903335324575	0	GO:0018315	1	1
235	a1	-0.000767674801152149	0.999916857404302	-0.000767738632934909	0.999387433258226	-1.96056870284806	1.95903335324575	0	GO:0072579	1	1
236	a1	-0.000767674801152149	0.999916857404302	-0.000767738632934909	0.999387433258226	-1.96056870284806	1.95903335324575	0	GO:2000097	1	1
237	a1	-0.000767674801152149	0.999916857404302	-0.000767738632934909	0.999387433258226	-1.96056870284806	1.95903335324575	0	GO:1902311	1	1
238	a1	-0.000767674801152149	0.999916857404302	-0.000767738632934909	0.999387433258226	-1.96056870284806	1.95903335324575	0	GO:0038114	1	1
239	a1	-0.000767674801152149	0.999916857404302	-0.000767738632934909	0.999387433258226	-1.96056870284806	1.95903335324575	0	GO:1903530	1	1
240	a1	-0.000767674801152149	0.999916857404302	-0.000767738632934909	0.999387433258226	-1.96056870284806	1.95903335324575	0	GO:0071139	1	1
241	a1	-0.000767674801152149	0.999916857404302	-0.000767738632934909	0.999387433258226	-1.96056870284806	1.95903335324575	0	GO:0043558	1	1
242	a1	-0.000767674801152149	0.999916857404302	-0.000767738632934909	0.999387433258226	-1.96056870284806	1.95903335324575	0	GO:0120034	1	1
243	a1	-0.000767674801152149	0.999916857404302	-0.000767738632934909	0.999387433258226	-1.96056870284806	1.95903335324575	0	GO:1990963	1	1
244	a1	-0.000767674801152149	0.999916857404302	-0.000767738632934909	0.999387433258226	-1.96056870284806	1.95903335324575	0	GO:1905828	1	1
245	a1	-0.000767674801152149	0.999916857404302	-0.000767738632934909	0.999387433258226	-1.96056870284806	1.95903335324575	0	GO:0060383	1	1
246	a1	-0.000767674801152149	0.999916857404302	-0.000767738632934909	0.999387433258226	-1.96056870284806	1.95903335324575	0	GO:1905774	1	1
247	a1	-0.000767674801152149	0.999916857404302	-0.000767738632934909	0.999387433258226	-1.96056870284806	1.95903335324575	0	GO:0003142	1	1
248	a1	-0.000767674801152149	0.999916857404302	-0.000767738632934909	0.999387433258226	-1.96056870284806	1.95903335324575	0	GO:2000043	1	1
249	a1	-0.000767674801152149	0.999916857404302	-0.000767738632934909	0.999387433258226	-1.96056870284806	1.95903335324575	0	GO:0060598	1	1
250	a1	-0.000767674801152149	0.999916857404302	-0.000767738632934909	0.999387433258226	-1.96056870284806	1.95903335324575	0	GO:1901879	1	1
251	a1	-0.000767674801152149	0.999916857404302	-0.000767738632934909	0.999387433258226	-1.96056870284806	1.95903335324575	0	GO:0031585	1	1
252	a1	-0.000767674801152149	0.999916857404302	-0.000767738632934909	0.999387433258226	-1.96056870284806	1.95903335324575	0	GO:0061580	1	1
253	a1	-0.000767674801152149	0.999916857404302	-0.000767738632934909	0.999387433258226	-1.96056870284806	1.95903335324575	0	GO:0009114	1	1
254	a1	-0.000767674801152149	0.999916857404302	-0.000767738632934909	0.999387433258226	-1.96056870284806	1.95903335324575	0	GO:0009115	1	1
255	a1	-0.000767674801152149	0.999916857404302	-0.000767738632934909	0.999387433258226	-1.96056870284806	1.95903335324575	0	GO:0035750	1	1
256	a1	-0.000767674801152149	0.999916857404302	-0.000767738632934909	0.999387433258226	-1.96056870284806	1.95903335324575	0	GO:0032304	1	1
257	a1	-0.000767674801152149	0.999916857404302	-0.000767738632934909	0.999387433258226	-1.96056870284806	1.95903335324575	0	GO:0018011	1	1
258	a1	-0.000767674801152149	0.999916857404302	-0.000767738632934909	0.999387433258226	-1.96056870284806	1.95903335324575	0	GO:0018013	1	1
259	a1	-0.000767674801152149	0.999916857404302	-0.000767738632934909	0.999387433258226	-1.96056870284806	1.95903335324575	0	GO:0018016	1	1
260	a1	-0.000767674801152149	0.999916857404302	-0.000767738632934909	0.999387433258226	-1.96056870284806	1.95903335324575	0	GO:0035568	1	1
261	a1	-0.000767674801152149	0.999916857404302	-0.000767738632934909	0.999387433258226	-1.96056870284806	1.95903335324575	0	GO:0035570	1	1
262	a1	-0.000767674801152149	0.999916857404302	-0.000767738632934909	0.999387433258226	-1.96056870284806	1.95903335324575	0	GO:0035572	1	1
263	a1	-0.000767674801152149	0.999916857404302	-0.000767738632934909	0.999387433258226	-1.96056870284806	1.95903335324575	0	GO:0035573	1	1
264	a1	-0.000767674801152149	0.999916857404302	-0.000767738632934909	0.999387433258226	-1.96056870284806	1.95903335324575	0	GO:0018012	1	1
265	a1	-0.000767674801152149	0.999916857404302	-0.000767738632934909	0.999387433258226	-1.96056870284806	1.95903335324575	0	GO:0015790	1	1
266	a1	-0.000767674801152149	0.999916857404302	-0.000767738632934909	0.999387433258226	-1.96056870284806	1.95903335324575	0	GO:0090133	1	1
267	a1	-0.000767674801152149	0.999916857404302	-0.000767738632934909	0.999387433258226	-1.96056870284806	1.95903335324575	0	GO:0006863	1	1
268	a1	-0.000767674801152149	0.999916857404302	-0.000767738632934909	0.999387433258226	-1.96056870284806	1.95903335324575	0	GO:0046942	1	1
269	a1	-0.000767674801152149	0.999916857404302	-0.000767738632934909	0.999387433258226	-1.96056870284806	1.95903335324575	0	GO:0098786	1	1
270	a1	-0.000767674801152149	0.999916857404302	-0.000767738632934909	0.999387433258226	-1.96056870284806	1.95903335324575	0	GO:0010517	1	1
271	a1	-0.000767674801152149	0.999916857404302	-0.000767738632934909	0.999387433258226	-1.96056870284806	1.95903335324575	0	GO:0032769	1	1
272	a1	-0.000767674801152149	0.999916857404302	-0.000767738632934909	0.999387433258226	-1.96056870284806	1.95903335324575	0	GO:0035543	1	1
273	a1	-0.000767674801152149	0.999916857404302	-0.000767738632934909	0.999387433258226	-1.96056870284806	1.95903335324575	0	GO:0051585	1	1
274	a1	-0.000767674801152149	0.999916857404302	-0.000767738632934909	0.999387433258226	-1.96056870284806	1.95903335324575	0	GO:0051622	1	1
275	a1	-0.000767674801152149	0.999916857404302	-0.000767738632934909	0.999387433258226	-1.96056870284806	1.95903335324575	0	GO:1903284	1	1
276	a1	-0.000767674801152149	0.999916857404302	-0.000767738632934909	0.999387433258226	-1.96056870284806	1.95903335324575	0	GO:1903285	1	1
277	a1	-0.000767674801152149	0.999916857404302	-0.000767738632934909	0.999387433258226	-1.96056870284806	1.95903335324575	0	GO:0006638	1	1
278	a1	-0.000767674801152149	0.999916857404302	-0.000767738632934909	0.999387433258226	-1.96056870284806	1.95903335324575	0	GO:0050812	1	1
279	a1	-0.000767674801152149	0.999916857404302	-0.000767738632934909	0.999387433258226	-1.96056870284806	1.95903335324575	0	GO:0098964	1	1
280	a1	-0.000767674801152149	0.999916857404302	-0.000767738632934909	0.999387433258226	-1.96056870284806	1.95903335324575	0	GO:0031034	1	1
281	a1	-0.000767674801152149	0.999916857404302	-0.000767738632934909	0.999387433258226	-1.96056870284806	1.95903335324575	0	GO:0001899	1	1
282	a1	-0.000767674801152149	0.999916857404302	-0.000767738632934909	0.999387433258226	-1.96056870284806	1.95903335324575	0	GO:0042219	1	1
283	a1	-0.000767674801152149	0.999916857404302	-0.000767738632934909	0.999387433258226	-1.96056870284806	1.95903335324575	0	GO:1904766	1	1
284	a1	-0.000767674801152149	0.999916857404302	-0.000767738632934909	0.999387433258226	-1.96056870284806	1.95903335324575	0	GO:0072286	1	1
285	a1	-0.000767674801152149	0.999916857404302	-0.000767738632934909	0.999387433258226	-1.96056870284806	1.95903335324575	0	GO:0032075	1	1
286	a1	-0.000767674801152149	0.999916857404302	-0.000767738632934909	0.999387433258226	-1.96056870284806	1.95903335324575	0	GO:0051102	1	1
287	a1	-0.000767674801152149	0.999916857404302	-0.000767738632934909	0.999387433258226	-1.96056870284806	1.95903335324575	0	GO:0075713	1	1
288	a1	-0.000767674801152149	0.999916857404302	-0.000767738632934909	0.999387433258226	-1.96056870284806	1.95903335324575	0	GO:0070862	1	1
289	a1	-0.000767674801152149	0.999916857404302	-0.000767738632934909	0.999387433258226	-1.96056870284806	1.95903335324575	0	GO:1901303	1	1
290	a1	-0.000767674801152149	0.999916857404302	-0.000767738632934909	0.999387433258226	-1.96056870284806	1.95903335324575	0	GO:0000416	1	1
291	a1	-0.000767674801152149	0.999916857404302	-0.000767738632934909	0.999387433258226	-1.96056870284806	1.95903335324575	0	GO:2001145	1	1
292	a1	-0.000767674801152149	0.999916857404302	-0.000767738632934909	0.999387433258226	-1.96056870284806	1.95903335324575	0	GO:0036399	1	1
293	a1	-0.000767674801152149	0.999916857404302	-0.000767738632934909	0.999387433258226	-1.96056870284806	1.95903335324575	0	GO:0008039	1	1
294	a1	-0.000767674801152149	0.999916857404302	-0.000767738632934909	0.999387433258226	-1.96056870284806	1.95903335324575	0	GO:0033026	1	1
295	a1	-0.000767674801152149	0.999916857404302	-0.000767738632934909	0.999387433258226	-1.96056870284806	1.95903335324575	0	GO:0016116	1	1
296	a1	-0.000767674801152149	0.999916857404302	-0.000767738632934909	0.999387433258226	-1.96056870284806	1.95903335324575	0	GO:0016119	1	1
297	a1	-0.000767674801152149	0.999916857404302	-0.000767738632934909	0.999387433258226	-1.96056870284806	1.95903335324575	0	GO:0016122	1	1
298	a1	-0.000767674801152149	0.999916857404302	-0.000767738632934909	0.999387433258226	-1.96056870284806	1.95903335324575	0	GO:0010879	1	1
299	a1	-0.000767674801152149	0.999916857404302	-0.000767738632934909	0.999387433258226	-1.96056870284806	1.95903335324575	0	GO:0010611	1	1
300	a1	-0.000767674801152149	0.999916857404302	-0.000767738632934909	0.999387433258226	-1.96056870284806	1.95903335324575	0	GO:0051089	1	1
301	a1	-0.000767674801152149	0.999916857404302	-0.000767738632934909	0.999387433258226	-1.96056870284806	1.95903335324575	0	GO:0072355	1	1
302	a1	-0.000767674801152149	0.999916857404302	-0.000767738632934909	0.999387433258226	-1.96056870284806	1.95903335324575	0	GO:0002691	1	1
303	a1	-0.000767674801152149	0.999916857404302	-0.000767738632934909	0.999387433258226	-1.96056870284806	1.95903335324575	0	GO:0006711	1	1
304	a1	-0.000767674801152149	0.999916857404302	-0.000767738632934909	0.999387433258226	-1.96056870284806	1.95903335324575	0	GO:0046838	1	1
305	a1	-0.000767674801152149	0.999916857404302	-0.000767738632934909	0.999387433258226	-1.96056870284806	1.95903335324575	0	GO:0005998	1	1
306	a1	-0.000767674801152149	0.999916857404302	-0.000767738632934909	0.999387433258226	-1.96056870284806	1.95903335324575	0	GO:0002264	1	1
307	a1	-0.000767674801152149	0.999916857404302	-0.000767738632934909	0.999387433258226	-1.96056870284806	1.95903335324575	0	GO:0097213	1	1
308	a1	-0.000767674801152149	0.999916857404302	-0.000767738632934909	0.999387433258226	-1.96056870284806	1.95903335324575	0	GO:0000097	1	1
309	a1	-0.000767674801152149	0.999916857404302	-0.000767738632934909	0.999387433258226	-1.96056870284806	1.95903335324575	0	GO:0009956	1	1
310	a1	-0.000767674801152149	0.999916857404302	-0.000767738632934909	0.999387433258226	-1.96056870284806	1.95903335324575	0	GO:1900542	1	1
311	a1	-0.000767674801152149	0.999916857404302	-0.000767738632934909	0.999387433258226	-1.96056870284806	1.95903335324575	0	GO:0097552	1	1
312	a1	-0.000767674801152149	0.999916857404302	-0.000767738632934909	0.999387433258226	-1.96056870284806	1.95903335324575	0	GO:0071600	1	1
313	a1	-0.000767674801152149	0.999916857404302	-0.000767738632934909	0.999387433258226	-1.96056870284806	1.95903335324575	0	GO:0031651	1	1
314	a1	-0.000767674801152149	0.999916857404302	-0.000767738632934909	0.999387433258226	-1.96056870284806	1.95903335324575	0	GO:0033477	1	1
315	a1	-0.000767674801152149	0.999916857404302	-0.000767738632934909	0.999387433258226	-1.96056870284806	1.95903335324575	0	GO:2000775	1	1
316	a1	-0.000767674801152149	0.999916857404302	-0.000767738632934909	0.999387433258226	-1.96056870284806	1.95903335324575	0	GO:0051413	1	1
317	a1	-0.000767674801152149	0.999916857404302	-0.000767738632934909	0.999387433258226	-1.96056870284806	1.95903335324575	0	GO:0060620	1	1
318	a1	-0.000767674801152149	0.999916857404302	-0.000767738632934909	0.999387433258226	-1.96056870284806	1.95903335324575	0	GO:1904947	1	1
319	a1	-0.000767674801152149	0.999916857404302	-0.000767738632934909	0.999387433258226	-1.96056870284806	1.95903335324575	0	GO:1990548	1	1
320	a1	-0.000767674801152149	0.999916857404302	-0.000767738632934909	0.999387433258226	-1.96056870284806	1.95903335324575	0	GO:2000184	1	1
321	a1	-0.000767674801152149	0.999916857404302	-0.000767738632934909	0.999387433258226	-1.96056870284806	1.95903335324575	0	GO:0006557	1	1
322	a1	-0.000767674801152149	0.999916857404302	-0.000767738632934909	0.999387433258226	-1.96056870284806	1.95903335324575	0	GO:1904479	1	1
323	a1	-0.000767674801152149	0.999916857404302	-0.000767738632934909	0.999387433258226	-1.96056870284806	1.95903335324575	0	GO:0036017	1	1
324	a1	-0.000767674801152149	0.999916857404302	-0.000767738632934909	0.999387433258226	-1.96056870284806	1.95903335324575	0	GO:0045016	1	1
325	a1	-0.000767674801152149	0.999916857404302	-0.000767738632934909	0.999387433258226	-1.96056870284806	1.95903335324575	0	GO:0051665	1	1
326	a1	-0.000767674801152149	0.999916857404302	-0.000767738632934909	0.999387433258226	-1.96056870284806	1.95903335324575	0	GO:0018400	1	1
327	a1	-0.000767674801152149	0.999916857404302	-0.000767738632934909	0.999387433258226	-1.96056870284806	1.95903335324575	0	GO:1901360	1	1
328	a1	-0.000767674801152149	0.999916857404302	-0.000767738632934909	0.999387433258226	-1.96056870284806	1.95903335324575	0	GO:0090177	1	1
329	a1	-0.000767674801152149	0.999916857404302	-0.000767738632934909	0.999387433258226	-1.96056870284806	1.95903335324575	0	GO:0002652	1	1
330	a1	-0.000767674801152149	0.999916857404302	-0.000767738632934909	0.999387433258226	-1.96056870284806	1.95903335324575	0	GO:0002838	1	1
331	a1	-0.000767674801152149	0.999916857404302	-0.000767738632934909	0.999387433258226	-1.96056870284806	1.95903335324575	0	GO:0032712	1	1
332	a1	-0.000767674801152149	0.999916857404302	-0.000767738632934909	0.999387433258226	-1.96056870284806	1.95903335324575	0	GO:0071656	1	1
333	a1	-0.000767674801152149	0.999916857404302	-0.000767738632934909	0.999387433258226	-1.96056870284806	1.95903335324575	0	GO:1902224	1	1
334	a1	-0.000767674801152149	0.999916857404302	-0.000767738632934909	0.999387433258226	-1.96056870284806	1.95903335324575	0	GO:1902860	1	1
335	a1	-0.000767674801152149	0.999916857404302	-0.000767738632934909	0.999387433258226	-1.96056870284806	1.95903335324575	0	GO:0072229	1	1
336	a1	-0.000767674801152149	0.999916857404302	-0.000767738632934909	0.999387433258226	-1.96056870284806	1.95903335324575	0	GO:0061343	1	1
337	a1	-0.000767674801152149	0.999916857404302	-0.000767738632934909	0.999387433258226	-1.96056870284806	1.95903335324575	0	GO:0098925	1	1
338	a1	-0.000767674801152149	0.999916857404302	-0.000767738632934909	0.999387433258226	-1.96056870284806	1.95903335324575	0	GO:1901346	1	1
339	a1	-0.000767674801152149	0.999916857404302	-0.000767738632934909	0.999387433258226	-1.96056870284806	1.95903335324575	0	GO:0099555	1	1
340	a1	-0.000767674801152149	0.999916857404302	-0.000767738632934909	0.999387433258226	-1.96056870284806	1.95903335324575	0	GO:0051232	1	1
341	a1	-0.000767674801152149	0.999916857404302	-0.000767738632934909	0.999387433258226	-1.96056870284806	1.95903335324575	0	GO:0051623	1	1
342	a1	-0.000767674801152149	0.999916857404302	-0.000767738632934909	0.999387433258226	-1.96056870284806	1.95903335324575	0	GO:0072749	1	1
343	a1	-0.000767674801152149	0.999916857404302	-0.000767738632934909	0.999387433258226	-1.96056870284806	1.95903335324575	0	GO:0033023	1	1
344	a1	-0.000767674801152149	0.999916857404302	-0.000767738632934909	0.999387433258226	-1.96056870284806	1.95903335324575	0	GO:0089708	1	1
345	a1	-0.000767674801152149	0.999916857404302	-0.000767738632934909	0.999387433258226	-1.96056870284806	1.95903335324575	0	GO:0030860	1	1
346	a1	-0.000767674801152149	0.999916857404302	-0.000767738632934909	0.999387433258226	-1.96056870284806	1.95903335324575	0	GO:0032043	1	1
347	a1	-0.000767674801152149	0.999916857404302	-0.000767738632934909	0.999387433258226	-1.96056870284806	1.95903335324575	0	GO:0009445	1	1
348	a1	-0.000767674801152149	0.999916857404302	-0.000767738632934909	0.999387433258226	-1.96056870284806	1.95903335324575	0	GO:0035874	1	1
349	a1	-0.000767674801152149	0.999916857404302	-0.000767738632934909	0.999387433258226	-1.96056870284806	1.95903335324575	0	GO:0097185	1	1
350	a1	-0.000767674801152149	0.999916857404302	-0.000767738632934909	0.999387433258226	-1.96056870284806	1.95903335324575	0	GO:2000845	1	1
351	a1	-0.000767674801152149	0.999916857404302	-0.000767738632934909	0.999387433258226	-1.96056870284806	1.95903335324575	0	GO:0060035	1	1
352	a1	-0.000767674801152149	0.999916857404302	-0.000767738632934909	0.999387433258226	-1.96056870284806	1.95903335324575	0	GO:0005985	1	1
353	a1	-0.000767674801152149	0.999916857404302	-0.000767738632934909	0.999387433258226	-1.96056870284806	1.95903335324575	0	GO:0043181	1	1
354	a1	-0.000767674801152149	0.999916857404302	-0.000767738632934909	0.999387433258226	-1.96056870284806	1.95903335324575	0	GO:1903461	1	1
355	a1	-0.000767674801152149	0.999916857404302	-0.000767738632934909	0.999387433258226	-1.96056870284806	1.95903335324575	0	GO:0000707	1	1
356	a1	-0.000767674801152149	0.999916857404302	-0.000767738632934909	0.999387433258226	-1.96056870284806	1.95903335324575	0	GO:0007066	1	1
357	a1	-0.000767674801152149	0.999916857404302	-0.000767738632934909	0.999387433258226	-1.96056870284806	1.95903335324575	0	GO:0036090	1	1
358	a1	-0.000767674801152149	0.999916857404302	-0.000767738632934909	0.999387433258226	-1.96056870284806	1.95903335324575	0	GO:0006769	1	1
359	a1	-0.000767674801152149	0.999916857404302	-0.000767738632934909	0.999387433258226	-1.96056870284806	1.95903335324575	0	GO:0010967	1	1
360	a1	-0.000767674801152149	0.999916857404302	-0.000767738632934909	0.999387433258226	-1.96056870284806	1.95903335324575	0	GO:0045625	1	1
361	a1	-0.000767674801152149	0.999916857404302	-0.000767738632934909	0.999387433258226	-1.96056870284806	1.95903335324575	0	GO:0034516	1	1
362	a1	-0.000767674801152149	0.999916857404302	-0.000767738632934909	0.999387433258226	-1.96056870284806	1.95903335324575	0	GO:1900085	1	1
363	a1	-0.000767674801152149	0.999916857404302	-0.000767738632934909	0.999387433258226	-1.96056870284806	1.95903335324575	0	GO:1903609	1	1
364	a1	-0.000767674801152149	0.999916857404302	-0.000767738632934909	0.999387433258226	-1.96056870284806	1.95903335324575	0	GO:0150019	1	1
365	a1	-0.000767674801152149	0.999916857404302	-0.000767738632934909	0.999387433258226	-1.96056870284806	1.95903335324575	0	GO:0009751	1	1
366	a1	-0.000767674801152149	0.999916857404302	-0.000767738632934909	0.999387433258226	-1.96056870284806	1.95903335324575	0	GO:0002787	1	1
367	a1	-0.000767674801152149	0.999916857404302	-0.000767738632934909	0.999387433258226	-1.96056870284806	1.95903335324575	0	GO:1901557	1	1
368	a1	-0.000767674801152149	0.999916857404302	-0.000767738632934909	0.999387433258226	-1.96056870284806	1.95903335324575	0	GO:0033342	1	1
369	a1	-0.000767674801152149	0.999916857404302	-0.000767738632934909	0.999387433258226	-1.96056870284806	1.95903335324575	0	GO:1904842	1	1
370	a1	-0.000767674801152149	0.999916857404302	-0.000767738632934909	0.999387433258226	-1.96056870284806	1.95903335324575	0	GO:0003409	1	1
371	a1	-0.000767674801152149	0.999916857404302	-0.000767738632934909	0.999387433258226	-1.96056870284806	1.95903335324575	0	GO:2001233	1	1
372	a1	-0.000767674801152149	0.999916857404302	-0.000767738632934909	0.999387433258226	-1.96056870284806	1.95903335324575	0	GO:0010849	1	1
373	a1	-0.000767674801152149	0.999916857404302	-0.000767738632934909	0.999387433258226	-1.96056870284806	1.95903335324575	0	GO:0010939	1	1
374	a1	-0.000767674801152149	0.999916857404302	-0.000767738632934909	0.999387433258226	-1.96056870284806	1.95903335324575	0	GO:0106134	1	1
375	a1	-0.000767674801152149	0.999916857404302	-0.000767738632934909	0.999387433258226	-1.96056870284806	1.95903335324575	0	GO:0036047	1	1
376	a1	-0.000767674801152149	0.999916857404302	-0.000767738632934909	0.999387433258226	-1.96056870284806	1.95903335324575	0	GO:0010566	1	1
377	a1	-0.000767674801152149	0.999916857404302	-0.000767738632934909	0.999387433258226	-1.96056870284806	1.95903335324575	0	GO:0036046	1	1
378	a1	-0.000767674801152149	0.999916857404302	-0.000767738632934909	0.999387433258226	-1.96056870284806	1.95903335324575	0	GO:0036048	1	1
379	a1	-0.000767674801152149	0.999916857404302	-0.000767738632934909	0.999387433258226	-1.96056870284806	1.95903335324575	0	GO:2000287	1	1
380	a1	-0.000767674801152149	0.999916857404302	-0.000767738632934909	0.999387433258226	-1.96056870284806	1.95903335324575	0	GO:0016095	1	1
381	a1	-0.000767674801152149	0.999916857404302	-0.000767738632934909	0.999387433258226	-1.96056870284806	1.95903335324575	0	GO:0044328	1	1
382	a1	-0.000767674801152149	0.999916857404302	-0.000767738632934909	0.999387433258226	-1.96056870284806	1.95903335324575	0	GO:0044329	1	1
383	a1	-0.000767674801152149	0.999916857404302	-0.000767738632934909	0.999387433258226	-1.96056870284806	1.95903335324575	0	GO:0044330	1	1
384	a1	-0.000767674801152149	0.999916857404302	-0.000767738632934909	0.999387433258226	-1.96056870284806	1.95903335324575	0	GO:0033045	1	1
385	a1	-0.000767674801152149	0.999916857404302	-0.000767738632934909	0.999387433258226	-1.96056870284806	1.95903335324575	0	GO:0030862	1	1
386	a1	-0.000767674801152149	0.999916857404302	-0.000767738632934909	0.999387433258226	-1.96056870284806	1.95903335324575	0	GO:0035844	1	1
387	a1	-0.000767674801152149	0.999916857404302	-0.000767738632934909	0.999387433258226	-1.96056870284806	1.95903335324575	0	GO:0039008	1	1
388	a1	-0.000767674801152149	0.999916857404302	-0.000767738632934909	0.999387433258226	-1.96056870284806	1.95903335324575	0	GO:0039023	1	1
389	a1	-0.000767674801152149	0.999916857404302	-0.000767738632934909	0.999387433258226	-1.96056870284806	1.95903335324575	0	GO:0070121	1	1
390	a1	-0.000767674801152149	0.999916857404302	-0.000767738632934909	0.999387433258226	-1.96056870284806	1.95903335324575	0	GO:1903638	1	1
391	a1	-0.000767674801152149	0.999916857404302	-0.000767738632934909	0.999387433258226	-1.96056870284806	1.95903335324575	0	GO:0006931	1	1
392	a1	-0.000767674801152149	0.999916857404302	-0.000767738632934909	0.999387433258226	-1.96056870284806	1.95903335324575	0	GO:0048319	1	1
393	a1	-0.000767674801152149	0.999916857404302	-0.000767738632934909	0.999387433258226	-1.96056870284806	1.95903335324575	0	GO:1903850	1	1
394	a1	-0.000767674801152149	0.999916857404302	-0.000767738632934909	0.999387433258226	-1.96056870284806	1.95903335324575	0	GO:1901310	1	1
395	a1	-0.000767674801152149	0.999916857404302	-0.000767738632934909	0.999387433258226	-1.96056870284806	1.95903335324575	0	GO:1900075	1	1
396	a1	-0.000767674801152149	0.999916857404302	-0.000767738632934909	0.999387433258226	-1.96056870284806	1.95903335324575	0	GO:1901626	1	1
397	a1	-0.000767674801152149	0.999916857404302	-0.000767738632934909	0.999387433258226	-1.96056870284806	1.95903335324575	0	GO:1903540	1	1
398	a1	-0.000767674801152149	0.999916857404302	-0.000767738632934909	0.999387433258226	-1.96056870284806	1.95903335324575	0	GO:2000415	1	1
399	a1	-0.000767674801152149	0.999916857404302	-0.000767738632934909	0.999387433258226	-1.96056870284806	1.95903335324575	0	GO:1903490	1	1
400	a1	-0.000767674801152149	0.999916857404302	-0.000767738632934909	0.999387433258226	-1.96056870284806	1.95903335324575	0	GO:1990874	1	1
401	a1	-0.000767674801152149	0.999916857404302	-0.000767738632934909	0.999387433258226	-1.96056870284806	1.95903335324575	0	GO:2001019	1	1
402	a1	-0.000767674801152149	0.999916857404302	-0.000767738632934909	0.999387433258226	-1.96056870284806	1.95903335324575	0	GO:1904731	1	1
403	a1	-0.000767674801152149	0.999916857404302	-0.000767738632934909	0.999387433258226	-1.96056870284806	1.95903335324575	0	GO:1901307	1	1
404	a1	-0.000767674801152149	0.999916857404302	-0.000767738632934909	0.999387433258226	-1.96056870284806	1.95903335324575	0	GO:1905355	1	1
405	a1	-0.000767674801152149	0.999916857404302	-0.000767738632934909	0.999387433258226	-1.96056870284806	1.95903335324575	0	GO:1901163	1	1
406	a1	-0.000767674801152149	0.999916857404302	-0.000767738632934909	0.999387433258226	-1.96056870284806	1.95903335324575	0	GO:0007371	1	1
407	a1	-0.000767674801152149	0.999916857404302	-0.000767738632934909	0.999387433258226	-1.96056870284806	1.95903335324575	0	GO:0021910	1	1
408	a1	-0.000767674801152149	0.999916857404302	-0.000767738632934909	0.999387433258226	-1.96056870284806	1.95903335324575	0	GO:0072285	1	1
409	a1	-0.000767674801152149	0.999916857404302	-0.000767738632934909	0.999387433258226	-1.96056870284806	1.95903335324575	0	GO:2000826	1	1
410	a1	-0.000767674801152149	0.999916857404302	-0.000767738632934909	0.999387433258226	-1.96056870284806	1.95903335324575	0	GO:1903569	1	1
411	a1	-0.000767674801152149	0.999916857404302	-0.000767738632934909	0.999387433258226	-1.96056870284806	1.95903335324575	0	GO:0050783	1	1
412	a1	-0.000767674801152149	0.999916857404302	-0.000767738632934909	0.999387433258226	-1.96056870284806	1.95903335324575	0	GO:1905597	1	1
413	a1	-0.000767674801152149	0.999916857404302	-0.000767738632934909	0.999387433258226	-1.96056870284806	1.95903335324575	0	GO:0035397	1	1
414	a1	-0.000767674801152149	0.999916857404302	-0.000767738632934909	0.999387433258226	-1.96056870284806	1.95903335324575	0	GO:1902669	1	1
415	a1	-0.000767674801152149	0.999916857404302	-0.000767738632934909	0.999387433258226	-1.96056870284806	1.95903335324575	0	GO:1903725	1	1
416	a1	-0.000767674801152149	0.999916857404302	-0.000767738632934909	0.999387433258226	-1.96056870284806	1.95903335324575	0	GO:0035801	1	1
417	a1	-0.000767674801152149	0.999916857404302	-0.000767738632934909	0.999387433258226	-1.96056870284806	1.95903335324575	0	GO:0019242	1	1
418	a1	-0.000767674801152149	0.999916857404302	-0.000767738632934909	0.999387433258226	-1.96056870284806	1.95903335324575	0	GO:0046657	1	1
419	a1	-0.000767674801152149	0.999916857404302	-0.000767738632934909	0.999387433258226	-1.96056870284806	1.95903335324575	0	GO:0050652	1	1
420	a1	-0.000767674801152149	0.999916857404302	-0.000767738632934909	0.999387433258226	-1.96056870284806	1.95903335324575	0	GO:0032223	1	1
421	a1	-0.000767674801152149	0.999916857404302	-0.000767738632934909	0.999387433258226	-1.96056870284806	1.95903335324575	0	GO:1904580	1	1
422	a1	-0.000767674801152149	0.999916857404302	-0.000767738632934909	0.999387433258226	-1.96056870284806	1.95903335324575	0	GO:0086066	1	1
423	a1	-0.000767674801152149	0.999916857404302	-0.000767738632934909	0.999387433258226	-1.96056870284806	1.95903335324575	0	GO:0086070	1	1
424	a1	-0.000767674801152149	0.999916857404302	-0.000767738632934909	0.999387433258226	-1.96056870284806	1.95903335324575	0	GO:1901021	1	1
425	a1	-0.000767674801152149	0.999916857404302	-0.000767738632934909	0.999387433258226	-1.96056870284806	1.95903335324575	0	GO:0099551	1	1
426	a1	-0.000767674801152149	0.999916857404302	-0.000767738632934909	0.999387433258226	-1.96056870284806	1.95903335324575	0	GO:1902153	1	1
427	a1	-0.000767674801152149	0.999916857404302	-0.000767738632934909	0.999387433258226	-1.96056870284806	1.95903335324575	0	GO:1903301	1	1
428	a1	-0.000767674801152149	0.999916857404302	-0.000767738632934909	0.999387433258226	-1.96056870284806	1.95903335324575	0	GO:0098968	1	1
429	a1	-0.000767674801152149	0.999916857404302	-0.000767738632934909	0.999387433258226	-1.96056870284806	1.95903335324575	0	GO:0019477	1	1
430	a1	-0.000767674801152149	0.999916857404302	-0.000767738632934909	0.999387433258226	-1.96056870284806	1.95903335324575	0	GO:0021511	1	1
431	a1	-0.000767674801152149	0.999916857404302	-0.000767738632934909	0.999387433258226	-1.96056870284806	1.95903335324575	0	GO:1902078	1	1
432	a1	-0.000767674801152149	0.999916857404302	-0.000767738632934909	0.999387433258226	-1.96056870284806	1.95903335324575	0	GO:0036292	1	1
433	a1	-0.000767674801152149	0.999916857404302	-0.000767738632934909	0.999387433258226	-1.96056870284806	1.95903335324575	0	GO:1902553	1	1
434	a1	-0.000767674801152149	0.999916857404302	-0.000767738632934909	0.999387433258226	-1.96056870284806	1.95903335324575	0	GO:1900101	1	1
435	a1	-0.000767674801152149	0.999916857404302	-0.000767738632934909	0.999387433258226	-1.96056870284806	1.95903335324575	0	GO:1902064	1	1
436	a1	-0.000767674801152149	0.999916857404302	-0.000767738632934909	0.999387433258226	-1.96056870284806	1.95903335324575	0	GO:0003245	1	1
437	a1	-0.000767674801152149	0.999916857404302	-0.000767738632934909	0.999387433258226	-1.96056870284806	1.95903335324575	0	GO:0010813	1	1
438	a1	-0.000767674801152149	0.999916857404302	-0.000767738632934909	0.999387433258226	-1.96056870284806	1.95903335324575	0	GO:0060448	1	1
439	a1	-0.000767674801152149	0.999916857404302	-0.000767738632934909	0.999387433258226	-1.96056870284806	1.95903335324575	0	GO:0046015	1	1
440	a1	-0.000767674801152149	0.999916857404302	-0.000767738632934909	0.999387433258226	-1.96056870284806	1.95903335324575	0	GO:0009789	1	1
441	a1	-0.000767674801152149	0.999916857404302	-0.000767738632934909	0.999387433258226	-1.96056870284806	1.95903335324575	0	GO:0071441	1	1
442	a1	-0.000767674801152149	0.999916857404302	-0.000767738632934909	0.999387433258226	-1.96056870284806	1.95903335324575	0	GO:2000655	1	1
443	a1	-0.000767674801152149	0.999916857404302	-0.000767738632934909	0.999387433258226	-1.96056870284806	1.95903335324575	0	GO:0046900	1	1
444	a1	-0.000767674801152149	0.999916857404302	-0.000767738632934909	0.999387433258226	-1.96056870284806	1.95903335324575	0	GO:1902954	1	1
445	a1	-0.000767674801152149	0.999916857404302	-0.000767738632934909	0.999387433258226	-1.96056870284806	1.95903335324575	0	GO:1902073	1	1
446	a1	-0.000767674801152149	0.999916857404302	-0.000767738632934909	0.999387433258226	-1.96056870284806	1.95903335324575	0	GO:0072684	1	1
447	a1	-0.000767674801152149	0.999916857404302	-0.000767738632934909	0.999387433258226	-1.96056870284806	1.95903335324575	0	GO:0033028	1	1
448	a1	-0.000767674801152149	0.999916857404302	-0.000767738632934909	0.999387433258226	-1.96056870284806	1.95903335324575	0	GO:0048034	1	1
449	a1	-0.000767674801152149	0.999916857404302	-0.000767738632934909	0.999387433258226	-1.96056870284806	1.95903335324575	0	GO:0006286	1	1
450	a1	-0.000767674801152149	0.999916857404302	-0.000767738632934909	0.999387433258226	-1.96056870284806	1.95903335324575	0	GO:0043487	1	1
451	a1	-0.000767674801152149	0.999916857404302	-0.000767738632934909	0.999387433258226	-1.96056870284806	1.95903335324575	0	GO:0043538	1	1
452	a1	-0.000767674801152149	0.999916857404302	-0.000767738632934909	0.999387433258226	-1.96056870284806	1.95903335324575	0	GO:0014858	1	1
453	a1	-0.000767674801152149	0.999916857404302	-0.000767738632934909	0.999387433258226	-1.96056870284806	1.95903335324575	0	GO:0021924	1	1
454	a1	-0.000767674801152149	0.999916857404302	-0.000767738632934909	0.999387433258226	-1.96056870284806	1.95903335324575	0	GO:0060458	1	1
455	a1	-0.000767674801152149	0.999916857404302	-0.000767738632934909	0.999387433258226	-1.96056870284806	1.95903335324575	0	GO:0060459	1	1
456	a1	-0.000767674801152149	0.999916857404302	-0.000767738632934909	0.999387433258226	-1.96056870284806	1.95903335324575	0	GO:0060516	1	1
457	a1	-0.000767674801152149	0.999916857404302	-0.000767738632934909	0.999387433258226	-1.96056870284806	1.95903335324575	0	GO:0060782	1	1
458	a1	-0.000767674801152149	0.999916857404302	-0.000767738632934909	0.999387433258226	-1.96056870284806	1.95903335324575	0	GO:0060783	1	1
459	a1	-0.000767674801152149	0.999916857404302	-0.000767738632934909	0.999387433258226	-1.96056870284806	1.95903335324575	0	GO:0061189	1	1
460	a1	-0.000767674801152149	0.999916857404302	-0.000767738632934909	0.999387433258226	-1.96056870284806	1.95903335324575	0	GO:1900175	1	1
461	a1	-0.000767674801152149	0.999916857404302	-0.000767738632934909	0.999387433258226	-1.96056870284806	1.95903335324575	0	GO:1905327	1	1
462	a1	-0.000767674801152149	0.999916857404302	-0.000767738632934909	0.999387433258226	-1.96056870284806	1.95903335324575	0	GO:2000062	1	1
463	a1	-0.000767674801152149	0.999916857404302	-0.000767738632934909	0.999387433258226	-1.96056870284806	1.95903335324575	0	GO:2000063	1	1
464	a1	-0.000767674801152149	0.999916857404302	-0.000767738632934909	0.999387433258226	-1.96056870284806	1.95903335324575	0	GO:2000357	1	1
465	a1	-0.000767674801152149	0.999916857404302	-0.000767738632934909	0.999387433258226	-1.96056870284806	1.95903335324575	0	GO:2000358	1	1
466	a1	-0.000767674801152149	0.999916857404302	-0.000767738632934909	0.999387433258226	-1.96056870284806	1.95903335324575	0	GO:0035644	1	1
467	a1	-0.000767674801152149	0.999916857404302	-0.000767738632934909	0.999387433258226	-1.96056870284806	1.95903335324575	0	GO:0021558	1	1
468	a1	-0.000767674801152149	0.999916857404302	-0.000767738632934909	0.999387433258226	-1.96056870284806	1.95903335324575	0	GO:0045977	1	1
469	a1	-0.000767674801152149	0.999916857404302	-0.000767738632934909	0.999387433258226	-1.96056870284806	1.95903335324575	0	GO:0061106	1	1
470	a1	-0.000767674801152149	0.999916857404302	-0.000767738632934909	0.999387433258226	-1.96056870284806	1.95903335324575	0	GO:0072141	1	1
471	a1	-0.000767674801152149	0.999916857404302	-0.000767738632934909	0.999387433258226	-1.96056870284806	1.95903335324575	0	GO:1905934	1	1
472	a1	-0.000767674801152149	0.999916857404302	-0.000767738632934909	0.999387433258226	-1.96056870284806	1.95903335324575	0	GO:2000227	1	1
473	a1	-0.000767674801152149	0.999916857404302	-0.000767738632934909	0.999387433258226	-1.96056870284806	1.95903335324575	0	GO:0032535	1	1
474	a1	-0.000767674801152149	0.999916857404302	-0.000767738632934909	0.999387433258226	-1.96056870284806	1.95903335324575	0	GO:2000808	1	1
475	a1	-0.000767674801152149	0.999916857404302	-0.000767738632934909	0.999387433258226	-1.96056870284806	1.95903335324575	0	GO:0055071	1	1
476	a1	-0.000767674801152149	0.999916857404302	-0.000767738632934909	0.999387433258226	-1.96056870284806	1.95903335324575	0	GO:1904414	1	1
477	a1	-0.000767674801152149	0.999916857404302	-0.000767738632934909	0.999387433258226	-1.96056870284806	1.95903335324575	0	GO:1905285	1	1
478	a1	-0.000767674801152149	0.999916857404302	-0.000767738632934909	0.999387433258226	-1.96056870284806	1.95903335324575	0	GO:0021998	1	1
479	a1	-0.000767674801152149	0.999916857404302	-0.000767738632934909	0.999387433258226	-1.96056870284806	1.95903335324575	0	GO:0048352	1	1
480	a1	-0.000767674801152149	0.999916857404302	-0.000767738632934909	0.999387433258226	-1.96056870284806	1.95903335324575	0	GO:0048378	1	1
481	a1	-0.000767674801152149	0.999916857404302	-0.000767738632934909	0.999387433258226	-1.96056870284806	1.95903335324575	0	GO:0060896	1	1
482	a1	-0.000767674801152149	0.999916857404302	-0.000767738632934909	0.999387433258226	-1.96056870284806	1.95903335324575	0	GO:0060378	1	1
483	a1	-0.000767674801152149	0.999916857404302	-0.000767738632934909	0.999387433258226	-1.96056870284806	1.95903335324575	0	GO:1903069	1	1
484	a1	-0.000767674801152149	0.999916857404302	-0.000767738632934909	0.999387433258226	-1.96056870284806	1.95903335324575	0	GO:0060251	1	1
485	a1	-0.000767674801152149	0.999916857404302	-0.000767738632934909	0.999387433258226	-1.96056870284806	1.95903335324575	0	GO:1901184	1	1
486	a1	-0.000767674801152149	0.999916857404302	-0.000767738632934909	0.999387433258226	-1.96056870284806	1.95903335324575	0	GO:0046146	1	1
487	a1	-0.000767674801152149	0.999916857404302	-0.000767738632934909	0.999387433258226	-1.96056870284806	1.95903335324575	0	GO:0030397	1	1
488	a1	-0.000767674801152149	0.999916857404302	-0.000767738632934909	0.999387433258226	-1.96056870284806	1.95903335324575	0	GO:1904177	1	1
489	a1	-0.000767674801152149	0.999916857404302	-0.000767738632934909	0.999387433258226	-1.96056870284806	1.95903335324575	0	GO:0032738	1	1
490	a1	-0.000767674801152149	0.999916857404302	-0.000767738632934909	0.999387433258226	-1.96056870284806	1.95903335324575	0	GO:0035665	1	1
491	a1	-0.000767674801152149	0.999916857404302	-0.000767738632934909	0.999387433258226	-1.96056870284806	1.95903335324575	0	GO:0036514	1	1
492	a1	-0.000767674801152149	0.999916857404302	-0.000767738632934909	0.999387433258226	-1.96056870284806	1.95903335324575	0	GO:0036515	1	1
493	a1	-0.000767674801152149	0.999916857404302	-0.000767738632934909	0.999387433258226	-1.96056870284806	1.95903335324575	0	GO:0060588	1	1
494	a1	-0.000767674801152149	0.999916857404302	-0.000767738632934909	0.999387433258226	-1.96056870284806	1.95903335324575	0	GO:0120169	1	1
495	a1	-0.000767674801152149	0.999916857404302	-0.000767738632934909	0.999387433258226	-1.96056870284806	1.95903335324575	0	GO:0006062	1	1
496	a1	-0.000767674801152149	0.999916857404302	-0.000767738632934909	0.999387433258226	-1.96056870284806	1.95903335324575	0	GO:0051160	1	1
497	a1	-0.000767674801152149	0.999916857404302	-0.000767738632934909	0.999387433258226	-1.96056870284806	1.95903335324575	0	GO:0051164	1	1
498	a1	-0.000767674801152149	0.999916857404302	-0.000767738632934909	0.999387433258226	-1.96056870284806	1.95903335324575	0	GO:0006060	1	1
499	a1	-0.000767674801152149	0.999916857404302	-0.000767738632934909	0.999387433258226	-1.96056870284806	1.95903335324575	0	GO:0048855	1	1
500	a1	-0.000767674801152149	0.999916857404302	-0.000767738632934909	0.999387433258226	-1.96056870284806	1.95903335324575	0	GO:0043921	1	1
501	a1	-0.000767674801152149	0.999916857404302	-0.000767738632934909	0.999387433258226	-1.96056870284806	1.95903335324575	0	GO:0019376	1	1
502	a1	-0.000767674801152149	0.999916857404302	-0.000767738632934909	0.999387433258226	-1.96056870284806	1.95903335324575	0	GO:1902117	1	1
503	a1	-0.000767674801152149	0.999916857404302	-0.000767738632934909	0.999387433258226	-1.96056870284806	1.95903335324575	0	GO:2000570	1	1
504	a1	-0.000767674801152149	0.999916857404302	-0.000767738632934909	0.999387433258226	-1.96056870284806	1.95903335324575	0	GO:0099627	1	1
505	a1	-0.000767674801152149	0.999916857404302	-0.000767738632934909	0.999387433258226	-1.96056870284806	1.95903335324575	0	GO:0099630	1	1
506	a1	-0.000767674801152149	0.999916857404302	-0.000767738632934909	0.999387433258226	-1.96056870284806	1.95903335324575	0	GO:0140448	1	1
507	a1	-0.000767674801152149	0.999916857404302	-0.000767738632934909	0.999387433258226	-1.96056870284806	1.95903335324575	0	GO:0097101	1	1
508	a1	-0.000767674801152149	0.999916857404302	-0.000767738632934909	0.999387433258226	-1.96056870284806	1.95903335324575	0	GO:1901186	1	1
509	a1	-0.000767674801152149	0.999916857404302	-0.000767738632934909	0.999387433258226	-1.96056870284806	1.95903335324575	0	GO:1901189	1	1
510	a1	-0.000767674801152149	0.999916857404302	-0.000767738632934909	0.999387433258226	-1.96056870284806	1.95903335324575	0	GO:0060844	1	1
511	a1	-0.000767674801152149	0.999916857404302	-0.000767738632934909	0.999387433258226	-1.96056870284806	1.95903335324575	0	GO:1901297	1	1
512	a1	-0.000767674801152149	0.999916857404302	-0.000767738632934909	0.999387433258226	-1.96056870284806	1.95903335324575	0	GO:0014860	1	1
513	a1	-0.000767674801152149	0.999916857404302	-0.000767738632934909	0.999387433258226	-1.96056870284806	1.95903335324575	0	GO:0010780	1	1
514	a1	-0.000767674801152149	0.999916857404302	-0.000767738632934909	0.999387433258226	-1.96056870284806	1.95903335324575	0	GO:1903343	1	1
515	a1	-0.000767674801152149	0.999916857404302	-0.000767738632934909	0.999387433258226	-1.96056870284806	1.95903335324575	0	GO:0002590	1	1
516	a1	-0.000767674801152149	0.999916857404302	-0.000767738632934909	0.999387433258226	-1.96056870284806	1.95903335324575	0	GO:0097254	1	1
517	a1	-0.000767674801152149	0.999916857404302	-0.000767738632934909	0.999387433258226	-1.96056870284806	1.95903335324575	0	GO:1902000	1	1
518	a1	-0.000767674801152149	0.999916857404302	-0.000767738632934909	0.999387433258226	-1.96056870284806	1.95903335324575	0	GO:0035787	1	1
519	a1	-0.000767674801152149	0.999916857404302	-0.000767738632934909	0.999387433258226	-1.96056870284806	1.95903335324575	0	GO:0072377	1	1
520	a1	-0.000767674801152149	0.999916857404302	-0.000767738632934909	0.999387433258226	-1.96056870284806	1.95903335324575	0	GO:0003412	1	1
521	a1	-0.000767674801152149	0.999916857404302	-0.000767738632934909	0.999387433258226	-1.96056870284806	1.95903335324575	0	GO:2001239	1	1
522	a1	-0.000767674801152149	0.999916857404302	-0.000767738632934909	0.999387433258226	-1.96056870284806	1.95903335324575	0	GO:0035752	1	1
523	a1	-0.000767674801152149	0.999916857404302	-0.000767738632934909	0.999387433258226	-1.96056870284806	1.95903335324575	0	GO:0090384	1	1
524	a1	-0.000767674801152149	0.999916857404302	-0.000767738632934909	0.999387433258226	-1.96056870284806	1.95903335324575	0	GO:0106049	1	1
525	a1	-0.000767674801152149	0.999916857404302	-0.000767738632934909	0.999387433258226	-1.96056870284806	1.95903335324575	0	GO:1900079	1	1
526	a1	-0.000767674801152149	0.999916857404302	-0.000767738632934909	0.999387433258226	-1.96056870284806	1.95903335324575	0	GO:0060127	1	1
527	a1	-0.000767674801152149	0.999916857404302	-0.000767738632934909	0.999387433258226	-1.96056870284806	1.95903335324575	0	GO:0034128	1	1
528	a1	-0.000767674801152149	0.999916857404302	-0.000767738632934909	0.999387433258226	-1.96056870284806	1.95903335324575	0	GO:0106089	1	1
529	a1	-0.000767674801152149	0.999916857404302	-0.000767738632934909	0.999387433258226	-1.96056870284806	1.95903335324575	0	GO:0016077	1	1
530	a1	-0.000767674801152149	0.999916857404302	-0.000767738632934909	0.999387433258226	-1.96056870284806	1.95903335324575	0	GO:0035863	1	1
531	a1	-0.000767674801152149	0.999916857404302	-0.000767738632934909	0.999387433258226	-1.96056870284806	1.95903335324575	0	GO:0055113	1	1
532	a1	-0.000767674801152149	0.999916857404302	-0.000767738632934909	0.999387433258226	-1.96056870284806	1.95903335324575	0	GO:1905209	1	1
533	a1	-0.000767674801152149	0.999916857404302	-0.000767738632934909	0.999387433258226	-1.96056870284806	1.95903335324575	0	GO:0034627	1	1
534	a1	-0.000767674801152149	0.999916857404302	-0.000767738632934909	0.999387433258226	-1.96056870284806	1.95903335324575	0	GO:0009229	1	1
535	a1	-0.000767674801152149	0.999916857404302	-0.000767738632934909	0.999387433258226	-1.96056870284806	1.95903335324575	0	GO:0006639	1	1
536	a1	-0.000767674801152149	0.999916857404302	-0.000767738632934909	0.999387433258226	-1.96056870284806	1.95903335324575	0	GO:0046587	1	1
537	a1	-0.000767674801152149	0.999916857404302	-0.000767738632934909	0.999387433258226	-1.96056870284806	1.95903335324575	0	GO:0062099	1	1
538	a1	-0.000767674801152149	0.999916857404302	-0.000767738632934909	0.999387433258226	-1.96056870284806	1.95903335324575	0	GO:0009309	1	1
539	a1	-0.000767674801152149	0.999916857404302	-0.000767738632934909	0.999387433258226	-1.96056870284806	1.95903335324575	0	GO:0002678	1	1
540	a1	-0.000767674801152149	0.999916857404302	-0.000767738632934909	0.999387433258226	-1.96056870284806	1.95903335324575	0	GO:1990709	1	1
541	a1	-0.000767674801152149	0.999916857404302	-0.000767738632934909	0.999387433258226	-1.96056870284806	1.95903335324575	0	GO:0042038	1	1
542	a1	-0.000767674801152149	0.999916857404302	-0.000767738632934909	0.999387433258226	-1.96056870284806	1.95903335324575	0	GO:0090069	1	1
543	a1	-0.000767674801152149	0.999916857404302	-0.000767738632934909	0.999387433258226	-1.96056870284806	1.95903335324575	0	GO:0010948	1	1
544	a1	-0.000767674801152149	0.999916857404302	-0.000767738632934909	0.999387433258226	-1.96056870284806	1.95903335324575	0	GO:0030264	1	1
545	a1	-0.000767674801152149	0.999916857404302	-0.000767738632934909	0.999387433258226	-1.96056870284806	1.95903335324575	0	GO:0035782	1	1
546	a1	-0.000767674801152149	0.999916857404302	-0.000767738632934909	0.999387433258226	-1.96056870284806	1.95903335324575	0	GO:2000513	1	1
547	a1	-0.000767674801152149	0.999916857404302	-0.000767738632934909	0.999387433258226	-1.96056870284806	1.95903335324575	0	GO:2000518	1	1
548	a1	-0.000767674801152149	0.999916857404302	-0.000767738632934909	0.999387433258226	-1.96056870284806	1.95903335324575	0	GO:0045624	1	1
549	a1	-0.000767674801152149	0.999916857404302	-0.000767738632934909	0.999387433258226	-1.96056870284806	1.95903335324575	0	GO:1905042	1	1
550	a1	-0.000767674801152149	0.999916857404302	-0.000767738632934909	0.999387433258226	-1.96056870284806	1.95903335324575	0	GO:0002274	1	1
551	a1	-0.000767674801152149	0.999916857404302	-0.000767738632934909	0.999387433258226	-1.96056870284806	1.95903335324575	0	GO:0002505	1	1
552	a1	-0.000767674801152149	0.999916857404302	-0.000767738632934909	0.999387433258226	-1.96056870284806	1.95903335324575	0	GO:0002747	1	1
553	a1	-0.000767674801152149	0.999916857404302	-0.000767738632934909	0.999387433258226	-1.96056870284806	1.95903335324575	0	GO:0046754	1	1
554	a1	-0.000767674801152149	0.999916857404302	-0.000767738632934909	0.999387433258226	-1.96056870284806	1.95903335324575	0	GO:0009200	1	1
555	a1	-0.000767674801152149	0.999916857404302	-0.000767738632934909	0.999387433258226	-1.96056870284806	1.95903335324575	0	GO:1904905	1	1
556	a1	-0.000767674801152149	0.999916857404302	-0.000767738632934909	0.999387433258226	-1.96056870284806	1.95903335324575	0	GO:0033386	1	1
557	a1	-0.000767674801152149	0.999916857404302	-0.000767738632934909	0.999387433258226	-1.96056870284806	1.95903335324575	0	GO:0015821	1	1
558	a1	-0.000767674801152149	0.999916857404302	-0.000767738632934909	0.999387433258226	-1.96056870284806	1.95903335324575	0	GO:0048073	1	1
559	a1	-0.000767674801152149	0.999916857404302	-0.000767738632934909	0.999387433258226	-1.96056870284806	1.95903335324575	0	GO:0001993	1	1
560	a1	-0.000767674801152149	0.999916857404302	-0.000767738632934909	0.999387433258226	-1.96056870284806	1.95903335324575	0	GO:2000864	1	1
561	a1	-0.000767674801152149	0.999916857404302	-0.000767738632934909	0.999387433258226	-1.96056870284806	1.95903335324575	0	GO:0070586	1	1
562	a1	-0.000767674801152149	0.999916857404302	-0.000767738632934909	0.999387433258226	-1.96056870284806	1.95903335324575	0	GO:0010905	1	1
563	a1	-0.000767674801152149	0.999916857404302	-0.000767738632934909	0.999387433258226	-1.96056870284806	1.95903335324575	0	GO:0071879	1	1
564	a1	-0.000767674801152149	0.999916857404302	-0.000767738632934909	0.999387433258226	-1.96056870284806	1.95903335324575	0	GO:1904227	1	1
565	a1	-0.000767674801152149	0.999916857404302	-0.000767738632934909	0.999387433258226	-1.96056870284806	1.95903335324575	0	GO:1902161	1	1
566	a1	-0.000767674801152149	0.999916857404302	-0.000767738632934909	0.999387433258226	-1.96056870284806	1.95903335324575	0	GO:0018003	1	1
567	a1	-0.000767674801152149	0.999916857404302	-0.000767738632934909	0.999387433258226	-1.96056870284806	1.95903335324575	0	GO:0098705	1	1
568	a1	-0.000767674801152149	0.999916857404302	-0.000767738632934909	0.999387433258226	-1.96056870284806	1.95903335324575	0	GO:0061525	1	1
569	a1	-0.000767674801152149	0.999916857404302	-0.000767738632934909	0.999387433258226	-1.96056870284806	1.95903335324575	0	GO:0046398	1	1
570	a1	-0.000767674801152149	0.999916857404302	-0.000767738632934909	0.999387433258226	-1.96056870284806	1.95903335324575	0	GO:0043063	1	1
571	a1	-0.000767674801152149	0.999916857404302	-0.000767738632934909	0.999387433258226	-1.96056870284806	1.95903335324575	0	GO:0060116	1	1
572	a1	-0.000767674801152149	0.999916857404302	-0.000767738632934909	0.999387433258226	-1.96056870284806	1.95903335324575	0	GO:0015782	1	1
573	a1	-0.000767674801152149	0.999916857404302	-0.000767738632934909	0.999387433258226	-1.96056870284806	1.95903335324575	0	GO:0035382	1	1
574	a1	-0.000767674801152149	0.999916857404302	-0.000767738632934909	0.999387433258226	-1.96056870284806	1.95903335324575	0	GO:0035395	1	1
575	a1	-0.000767674801152149	0.999916857404302	-0.000767738632934909	0.999387433258226	-1.96056870284806	1.95903335324575	0	GO:0032056	1	1
576	a1	-0.000767674801152149	0.999916857404302	-0.000767738632934909	0.999387433258226	-1.96056870284806	1.95903335324575	0	GO:0006948	1	1
577	a1	-0.000767674801152149	0.999916857404302	-0.000767738632934909	0.999387433258226	-1.96056870284806	1.95903335324575	0	GO:0097045	1	1
578	a1	-0.000767674801152149	0.999916857404302	-0.000767738632934909	0.999387433258226	-1.96056870284806	1.95903335324575	0	GO:1903965	1	1
579	a1	-0.000767674801152149	0.999916857404302	-0.000767738632934909	0.999387433258226	-1.96056870284806	1.95903335324575	0	GO:0002194	1	1
580	a1	-0.000767674801152149	0.999916857404302	-0.000767738632934909	0.999387433258226	-1.96056870284806	1.95903335324575	0	GO:0043049	1	1
581	a1	-0.000767674801152149	0.999916857404302	-0.000767738632934909	0.999387433258226	-1.96056870284806	1.95903335324575	0	GO:0061114	1	1
582	a1	-0.000767674801152149	0.999916857404302	-0.000767738632934909	0.999387433258226	-1.96056870284806	1.95903335324575	0	GO:0090425	1	1
583	a1	-0.000767674801152149	0.999916857404302	-0.000767738632934909	0.999387433258226	-1.96056870284806	1.95903335324575	0	GO:1901978	1	1
584	a1	-0.000767674801152149	0.999916857404302	-0.000767738632934909	0.999387433258226	-1.96056870284806	1.95903335324575	0	GO:2000979	1	1
585	a1	-0.000767674801152149	0.999916857404302	-0.000767738632934909	0.999387433258226	-1.96056870284806	1.95903335324575	0	GO:0097712	1	1
586	a1	-0.000767674801152149	0.999916857404302	-0.000767738632934909	0.999387433258226	-1.96056870284806	1.95903335324575	0	GO:0010533	1	1
587	a1	-0.000767674801152149	0.999916857404302	-0.000767738632934909	0.999387433258226	-1.96056870284806	1.95903335324575	0	GO:0055048	1	1
588	a1	-0.000767674801152149	0.999916857404302	-0.000767738632934909	0.999387433258226	-1.96056870284806	1.95903335324575	0	GO:1902365	1	1
589	a1	-0.000767674801152149	0.999916857404302	-0.000767738632934909	0.999387433258226	-1.96056870284806	1.95903335324575	0	GO:1902846	1	1
590	a1	-0.000767674801152149	0.999916857404302	-0.000767738632934909	0.999387433258226	-1.96056870284806	1.95903335324575	0	GO:0002923	1	1
591	a1	-0.000767674801152149	0.999916857404302	-0.000767738632934909	0.999387433258226	-1.96056870284806	1.95903335324575	0	GO:1901623	1	1
592	a1	-0.000767674801152149	0.999916857404302	-0.000767738632934909	0.999387433258226	-1.96056870284806	1.95903335324575	0	GO:0019742	1	1
593	a1	-0.000767674801152149	0.999916857404302	-0.000767738632934909	0.999387433258226	-1.96056870284806	1.95903335324575	0	GO:1904924	1	1
594	a1	-0.000767674801152149	0.999916857404302	-0.000767738632934909	0.999387433258226	-1.96056870284806	1.95903335324575	0	GO:1902443	1	1
595	a1	-0.000767674801152149	0.999916857404302	-0.000767738632934909	0.999387433258226	-1.96056870284806	1.95903335324575	0	GO:1990697	1	1
596	a1	-0.000767674801152149	0.999916857404302	-0.000767738632934909	0.999387433258226	-1.96056870284806	1.95903335324575	0	GO:0098038	1	1
597	a1	-0.000767674801152149	0.999916857404302	-0.000767738632934909	0.999387433258226	-1.96056870284806	1.95903335324575	0	GO:0032196	1	1
598	a1	-0.000767674801152149	0.999916857404302	-0.000767738632934909	0.999387433258226	-1.96056870284806	1.95903335324575	0	GO:0106027	1	1
599	a1	-0.000767674801152149	0.999916857404302	-0.000767738632934909	0.999387433258226	-1.96056870284806	1.95903335324575	0	GO:0150101	1	1
600	a1	-0.000767674801152149	0.999916857404302	-0.000767738632934909	0.999387433258226	-1.96056870284806	1.95903335324575	0	GO:0043604	1	1
601	a1	-0.000767674801152149	0.999916857404302	-0.000767738632934909	0.999387433258226	-1.96056870284806	1.95903335324575	0	GO:2000275	1	1
602	a1	-0.000767674801152149	0.999916857404302	-0.000767738632934909	0.999387433258226	-1.96056870284806	1.95903335324575	0	GO:0048290	1	1
603	a1	-0.000767674801152149	0.999916857404302	-0.000767738632934909	0.999387433258226	-1.96056870284806	1.95903335324575	0	GO:1904156	1	1
604	a1	-0.000767674801152149	0.999916857404302	-0.000767738632934909	0.999387433258226	-1.96056870284806	1.95903335324575	0	GO:0036111	1	1
605	a1	-0.000767674801152149	0.999916857404302	-0.000767738632934909	0.999387433258226	-1.96056870284806	1.95903335324575	0	GO:1903286	1	1
606	a1	-0.000767674801152149	0.999916857404302	-0.000767738632934909	0.999387433258226	-1.96056870284806	1.95903335324575	0	GO:1903760	1	1
607	a1	-0.000767674801152149	0.999916857404302	-0.000767738632934909	0.999387433258226	-1.96056870284806	1.95903335324575	0	GO:1903764	1	1
608	a1	-0.000767674801152149	0.999916857404302	-0.000767738632934909	0.999387433258226	-1.96056870284806	1.95903335324575	0	GO:0060332	1	1
609	a1	-0.000767674801152149	0.999916857404302	-0.000767738632934909	0.999387433258226	-1.96056870284806	1.95903335324575	0	GO:0021999	1	1
610	a1	-0.000767674801152149	0.999916857404302	-0.000767738632934909	0.999387433258226	-1.96056870284806	1.95903335324575	0	GO:0045210	1	1
611	a1	-0.000767674801152149	0.999916857404302	-0.000767738632934909	0.999387433258226	-1.96056870284806	1.95903335324575	0	GO:0097106	1	1
612	a1	-0.000767674801152149	0.999916857404302	-0.000767738632934909	0.999387433258226	-1.96056870284806	1.95903335324575	0	GO:0000959	1	1
613	a1	-0.000767674801152149	0.999916857404302	-0.000767738632934909	0.999387433258226	-1.96056870284806	1.95903335324575	0	GO:2000209	1	1
614	a1	-0.000767674801152149	0.999916857404302	-0.000767738632934909	0.999387433258226	-1.96056870284806	1.95903335324575	0	GO:0046633	1	1
615	a1	-0.000767674801152149	0.999916857404302	-0.000767738632934909	0.999387433258226	-1.96056870284806	1.95903335324575	0	GO:0033860	1	1
616	a1	-0.000767674801152149	0.999916857404302	-0.000767738632934909	0.999387433258226	-1.96056870284806	1.95903335324575	0	GO:1902623	1	1
617	a1	-0.000767674801152149	0.999916857404302	-0.000767738632934909	0.999387433258226	-1.96056870284806	1.95903335324575	0	GO:2000509	1	1
618	a1	-0.000767674801152149	0.999916857404302	-0.000767738632934909	0.999387433258226	-1.96056870284806	1.95903335324575	0	GO:0002336	1	1
619	a1	-0.000767674801152149	0.999916857404302	-0.000767738632934909	0.999387433258226	-1.96056870284806	1.95903335324575	0	GO:1903626	1	1
620	a1	-0.000767674801152149	0.999916857404302	-0.000767738632934909	0.999387433258226	-1.96056870284806	1.95903335324575	0	GO:1905843	1	1
621	a1	-0.000767674801152149	0.999916857404302	-0.000767738632934909	0.999387433258226	-1.96056870284806	1.95903335324575	0	GO:0030389	1	1
622	a1	-0.000767674801152149	0.999916857404302	-0.000767738632934909	0.999387433258226	-1.96056870284806	1.95903335324575	0	GO:0030393	1	1
623	a1	-0.000767674801152149	0.999916857404302	-0.000767738632934909	0.999387433258226	-1.96056870284806	1.95903335324575	0	GO:0036525	1	1
624	a1	-0.000767674801152149	0.999916857404302	-0.000767738632934909	0.999387433258226	-1.96056870284806	1.95903335324575	0	GO:0016132	1	1
625	a1	-0.000767674801152149	0.999916857404302	-0.000767738632934909	0.999387433258226	-1.96056870284806	1.95903335324575	0	GO:0035581	1	1
626	a1	-0.000767674801152149	0.999916857404302	-0.000767738632934909	0.999387433258226	-1.96056870284806	1.95903335324575	0	GO:0019521	1	1
627	a1	-0.000767674801152149	0.999916857404302	-0.000767738632934909	0.999387433258226	-1.96056870284806	1.95903335324575	0	GO:0036119	1	1
628	a1	-0.000767674801152149	0.999916857404302	-0.000767738632934909	0.999387433258226	-1.96056870284806	1.95903335324575	0	GO:0014722	1	1
629	a1	-0.000767674801152149	0.999916857404302	-0.000767738632934909	0.999387433258226	-1.96056870284806	1.95903335324575	0	GO:0014853	1	1
630	a1	-0.000767674801152149	0.999916857404302	-0.000767738632934909	0.999387433258226	-1.96056870284806	1.95903335324575	0	GO:0010657	1	1
631	a1	-0.000767674801152149	0.999916857404302	-0.000767738632934909	0.999387433258226	-1.96056870284806	1.95903335324575	0	GO:0021830	1	1
632	a1	-0.000767674801152149	0.999916857404302	-0.000767738632934909	0.999387433258226	-1.96056870284806	1.95903335324575	0	GO:0019676	1	1
633	a1	-0.000767674801152149	0.999916857404302	-0.000767738632934909	0.999387433258226	-1.96056870284806	1.95903335324575	0	GO:0042774	1	1
634	a1	-0.000767674801152149	0.999916857404302	-0.000767738632934909	0.999387433258226	-1.96056870284806	1.95903335324575	0	GO:0032685	1	1
635	a1	-0.000767674801152149	0.999916857404302	-0.000767738632934909	0.999387433258226	-1.96056870284806	1.95903335324575	0	GO:0016999	1	1
636	a1	-0.000767674801152149	0.999916857404302	-0.000767738632934909	0.999387433258226	-1.96056870284806	1.95903335324575	0	GO:0072340	1	1
637	a1	-0.000767674801152149	0.999916857404302	-0.000767738632934909	0.999387433258226	-1.96056870284806	1.95903335324575	0	GO:0070206	1	1
638	a1	-0.000767674801152149	0.999916857404302	-0.000767738632934909	0.999387433258226	-1.96056870284806	1.95903335324575	0	GO:0002792	1	1
639	a1	-0.000767674801152149	0.999916857404302	-0.000767738632934909	0.999387433258226	-1.96056870284806	1.95903335324575	0	GO:0035691	1	1
640	a1	-0.000767674801152149	0.999916857404302	-0.000767738632934909	0.999387433258226	-1.96056870284806	1.95903335324575	0	GO:1903544	1	1
641	a1	-0.000767674801152149	0.999916857404302	-0.000767738632934909	0.999387433258226	-1.96056870284806	1.95903335324575	0	GO:0071654	1	1
642	a1	-0.000767674801152149	0.999916857404302	-0.000767738632934909	0.999387433258226	-1.96056870284806	1.95903335324575	0	GO:0034263	1	1
643	a1	-0.000767674801152149	0.999916857404302	-0.000767738632934909	0.999387433258226	-1.96056870284806	1.95903335324575	0	GO:0071908	1	1
644	a1	-0.000767674801152149	0.999916857404302	-0.000767738632934909	0.999387433258226	-1.96056870284806	1.95903335324575	0	GO:0071909	1	1
645	a1	-0.000767674801152149	0.999916857404302	-0.000767738632934909	0.999387433258226	-1.96056870284806	1.95903335324575	0	GO:2000167	1	1
646	a1	-0.000767674801152149	0.999916857404302	-0.000767738632934909	0.999387433258226	-1.96056870284806	1.95903335324575	0	GO:0002882	1	1
647	a1	-0.000767674801152149	0.999916857404302	-0.000767738632934909	0.999387433258226	-1.96056870284806	1.95903335324575	0	GO:1903568	1	1
648	a1	-0.000767674801152149	0.999916857404302	-0.000767738632934909	0.999387433258226	-1.96056870284806	1.95903335324575	0	GO:2000324	1	1
649	a1	-0.000767674801152149	0.999916857404302	-0.000767738632934909	0.999387433258226	-1.96056870284806	1.95903335324575	0	GO:0051052	1	1
650	a1	-0.000767674801152149	0.999916857404302	-0.000767738632934909	0.999387433258226	-1.96056870284806	1.95903335324575	0	GO:1904398	1	1
651	a1	-0.000767674801152149	0.999916857404302	-0.000767738632934909	0.999387433258226	-1.96056870284806	1.95903335324575	0	GO:1904729	1	1
652	a1	-0.000767674801152149	0.999916857404302	-0.000767738632934909	0.999387433258226	-1.96056870284806	1.95903335324575	0	GO:0045137	1	1
653	a1	-0.000767674801152149	0.999916857404302	-0.000767738632934909	0.999387433258226	-1.96056870284806	1.95903335324575	0	GO:0098972	1	1
654	a1	-0.000767674801152149	0.999916857404302	-0.000767738632934909	0.999387433258226	-1.96056870284806	1.95903335324575	0	GO:1900480	1	1
655	a1	-0.000767674801152149	0.999916857404302	-0.000767738632934909	0.999387433258226	-1.96056870284806	1.95903335324575	0	GO:0044779	1	1
656	a1	-0.000767674801152149	0.999916857404302	-0.000767738632934909	0.999387433258226	-1.96056870284806	1.95903335324575	0	GO:0021808	1	1
657	a1	-0.000767674801152149	0.999916857404302	-0.000767738632934909	0.999387433258226	-1.96056870284806	1.95903335324575	0	GO:0150063	1	1
658	a1	-0.000767674801152149	0.999916857404302	-0.000767738632934909	0.999387433258226	-1.96056870284806	1.95903335324575	0	GO:0042938	1	1
659	a1	-0.000767674801152149	0.999916857404302	-0.000767738632934909	0.999387433258226	-1.96056870284806	1.95903335324575	0	GO:1902340	1	1
660	a1	-0.000767674801152149	0.999916857404302	-0.000767738632934909	0.999387433258226	-1.96056870284806	1.95903335324575	0	GO:1902607	1	1
661	a1	-0.000767674801152149	0.999916857404302	-0.000767738632934909	0.999387433258226	-1.96056870284806	1.95903335324575	0	GO:0045990	1	1
662	a1	-0.000767674801152149	0.999916857404302	-0.000767738632934909	0.999387433258226	-1.96056870284806	1.95903335324575	0	GO:0044087	1	1
663	a1	-0.000767674801152149	0.999916857404302	-0.000767738632934909	0.999387433258226	-1.96056870284806	1.95903335324575	0	GO:1904220	1	1
664	a1	-0.000767674801152149	0.999916857404302	-0.000767738632934909	0.999387433258226	-1.96056870284806	1.95903335324575	0	GO:1905314	1	1
665	a1	-0.000767674801152149	0.999916857404302	-0.000767738632934909	0.999387433258226	-1.96056870284806	1.95903335324575	0	GO:0150033	1	1
666	a1	-0.000767674801152149	0.999916857404302	-0.000767738632934909	0.999387433258226	-1.96056870284806	1.95903335324575	0	GO:0021742	1	1
667	a1	-0.000767674801152149	0.999916857404302	-0.000767738632934909	0.999387433258226	-1.96056870284806	1.95903335324575	0	GO:0021743	1	1
668	a1	-0.000767674801152149	0.999916857404302	-0.000767738632934909	0.999387433258226	-1.96056870284806	1.95903335324575	0	GO:0060245	1	1
669	a1	-0.000767674801152149	0.999916857404302	-0.000767738632934909	0.999387433258226	-1.96056870284806	1.95903335324575	0	GO:0021771	1	1
670	a1	-0.000767674801152149	0.999916857404302	-0.000767738632934909	0.999387433258226	-1.96056870284806	1.95903335324575	0	GO:0042320	1	1
671	a1	-0.000767674801152149	0.999916857404302	-0.000767738632934909	0.999387433258226	-1.96056870284806	1.95903335324575	0	GO:1903893	1	1
672	a1	-0.000767674801152149	0.999916857404302	-0.000767738632934909	0.999387433258226	-1.96056870284806	1.95903335324575	0	GO:0045769	1	1
673	a1	-0.000767674801152149	0.999916857404302	-0.000767738632934909	0.999387433258226	-1.96056870284806	1.95903335324575	0	GO:0042558	1	1
674	a1	-0.000767674801152149	0.999916857404302	-0.000767738632934909	0.999387433258226	-1.96056870284806	1.95903335324575	0	GO:0045900	1	1
675	a1	-0.000767674801152149	0.999916857404302	-0.000767738632934909	0.999387433258226	-1.96056870284806	1.95903335324575	0	GO:0060300	1	1
676	a1	-0.000767674801152149	0.999916857404302	-0.000767738632934909	0.999387433258226	-1.96056870284806	1.95903335324575	0	GO:1904328	1	1
677	a1	-0.000767674801152149	0.999916857404302	-0.000767738632934909	0.999387433258226	-1.96056870284806	1.95903335324575	0	GO:1990755	1	1
678	a1	-0.000767674801152149	0.999916857404302	-0.000767738632934909	0.999387433258226	-1.96056870284806	1.95903335324575	0	GO:0061931	1	1
679	a1	-0.000767674801152149	0.999916857404302	-0.000767738632934909	0.999387433258226	-1.96056870284806	1.95903335324575	0	GO:1902838	1	1
680	a1	-0.000767674801152149	0.999916857404302	-0.000767738632934909	0.999387433258226	-1.96056870284806	1.95903335324575	0	GO:0051695	1	1
681	a1	-0.000767674801152149	0.999916857404302	-0.000767738632934909	0.999387433258226	-1.96056870284806	1.95903335324575	0	GO:0006106	1	1
682	a1	-0.000767674801152149	0.999916857404302	-0.000767738632934909	0.999387433258226	-1.96056870284806	1.95903335324575	0	GO:0140354	1	1
683	a1	-0.000767674801152149	0.999916857404302	-0.000767738632934909	0.999387433258226	-1.96056870284806	1.95903335324575	0	GO:0140253	1	1
684	a1	-0.000767674801152149	0.999916857404302	-0.000767738632934909	0.999387433258226	-1.96056870284806	1.95903335324575	0	GO:1901622	1	1
685	a1	-0.000767674801152149	0.999916857404302	-0.000767738632934909	0.999387433258226	-1.96056870284806	1.95903335324575	0	GO:0032244	1	1
686	a1	-0.000767674801152149	0.999916857404302	-0.000767738632934909	0.999387433258226	-1.96056870284806	1.95903335324575	0	GO:0032900	1	1
687	a1	-0.000767674801152149	0.999916857404302	-0.000767738632934909	0.999387433258226	-1.96056870284806	1.95903335324575	0	GO:0042323	1	1
688	a1	-0.000767674801152149	0.999916857404302	-0.000767738632934909	0.999387433258226	-1.96056870284806	1.95903335324575	0	GO:0001811	1	1
689	a1	-0.000767674801152149	0.999916857404302	-0.000767738632934909	0.999387433258226	-1.96056870284806	1.95903335324575	0	GO:0001814	1	1
690	a1	-0.000767674801152149	0.999916857404302	-0.000767738632934909	0.999387433258226	-1.96056870284806	1.95903335324575	0	GO:0002266	1	1
691	a1	-0.000767674801152149	0.999916857404302	-0.000767738632934909	0.999387433258226	-1.96056870284806	1.95903335324575	0	GO:0002436	1	1
692	a1	-0.000767674801152149	0.999916857404302	-0.000767738632934909	0.999387433258226	-1.96056870284806	1.95903335324575	0	GO:0002622	1	1
693	a1	-0.000767674801152149	0.999916857404302	-0.000767738632934909	0.999387433258226	-1.96056870284806	1.95903335324575	0	GO:0090264	1	1
694	a1	-0.000767674801152149	0.999916857404302	-0.000767738632934909	0.999387433258226	-1.96056870284806	1.95903335324575	0	GO:1905898	1	1
695	a1	1.06882206514915e-06	0.999999967533436	1.06882209985013e-06	0.999999147203348	-1.95996285208469	1.95996498972882	1	GO:0035822	1	1
696	a1	1.06882206514915e-06	0.999999967533436	1.06882209985013e-06	0.999999147203348	-1.95996285208469	1.95996498972882	1	GO:0060382	1	1
697	a1	1.06882206514915e-06	0.999999967533436	1.06882209985013e-06	0.999999147203348	-1.95996285208469	1.95996498972882	1	GO:1990968	1	1
698	a1	1.06882206514915e-06	0.999999967533436	1.06882209985013e-06	0.999999147203348	-1.95996285208469	1.95996498972882	1	GO:1990969	1	1
699	a1	0	1	0	1	-1.95996398454005	1.95996398454005	1	GO:1902866	1	1
700	a1	0	1	0	1	-1.95996398454005	1.95996398454005	1	GO:0006266	7	0.714285714285714
701	a1	0	1	0	1	-1.95996398454005	1.95996398454005	1	GO:0035645	1	1
702	a1	0	1	0	1	-1.95996398454005	1.95996398454005	1	GO:1990839	1	1
703	a1	0	1	0	1	-1.95996398454005	1.95996398454005	1	GO:1905146	8	0.75
704	a1	0	1	0	1	-1.95996398454005	1.95996398454005	1	GO:0003093	4	0.75
705	a1	0	1	0	1	-1.95996398454005	1.95996398454005	1	GO:0036060	1	1
706	a1	0	1	0	1	-1.95996398454005	1.95996398454005	1	GO:0044334	2	1
707	a1	0	1	0	1	-1.95996398454005	1.95996398454005	1	GO:0090222	2	1
708	a1	0	1	0	1	-1.95996398454005	1.95996398454005	1	GO:1903919	1	1
709	a1	0	1	0	1	-1.95996398454005	1.95996398454005	1	GO:0000819	3	1
710	a1	0	1	0	1	-1.95996398454005	1.95996398454005	1	GO:0097699	1	1
711	a1	0	1	0	1	-1.95996398454005	1.95996398454005	1	GO:0071878	2	1
712	a1	0	1	0	1	-1.95996398454005	1.95996398454005	1	GO:0051125	2	1
713	a1	0	1	0	1	-1.95996398454005	1.95996398454005	1	GO:0055006	1	1
714	a1	0	1	0	1	-1.95996398454005	1.95996398454005	1	GO:1904690	1	1
715	a1	0	1	0	1	-1.95996398454005	1.95996398454005	1	GO:1905090	1	1
716	a1	0	1	0	1	-1.95996398454005	1.95996398454005	1	GO:0045976	2	1
717	a1	0	1	0	1	-1.95996398454005	1.95996398454005	1	GO:0061324	1	1
718	a1	0	1	0	1	-1.95996398454005	1.95996398454005	1	GO:0072497	1	1
719	a1	0	1	0	1	-1.95996398454005	1.95996398454005	1	GO:0001840	1	1
720	a1	0	1	0	1	-1.95996398454005	1.95996398454005	1	GO:0007403	1	1
721	a1	0	1	0	1	-1.95996398454005	1.95996398454005	1	GO:0051884	2	1
722	a1	0	1	0	1	-1.95996398454005	1.95996398454005	1	GO:0060479	1	1
723	a1	0	1	0	1	-1.95996398454005	1.95996398454005	1	GO:0061550	1	1
724	a1	0	1	0	1	-1.95996398454005	1.95996398454005	1	GO:1904796	1	1
725	a1	0	1	0	1	-1.95996398454005	1.95996398454005	1	GO:0045870	2	1
726	a1	0	1	0	1	-1.95996398454005	1.95996398454005	1	GO:1905463	1	1
727	a1	0	1	0	1	-1.95996398454005	1.95996398454005	1	GO:0044345	1	1
728	a1	0	1	0	1	-1.95996398454005	1.95996398454005	1	GO:0090246	1	1
729	a1	0	1	0	1	-1.95996398454005	1.95996398454005	1	GO:2000080	1	1
730	a1	0	1	0	1	-1.95996398454005	1.95996398454005	1	GO:0032272	1	1
731	a1	0	1	0	1	-1.95996398454005	1.95996398454005	1	GO:1905537	1	1
732	a1	0	1	0	1	-1.95996398454005	1.95996398454005	1	GO:1905612	1	1
733	a1	0	1	0	1	-1.95996398454005	1.95996398454005	1	GO:1905696	1	1
