Parameter	Estimate	SE	z	pval	CI_Leftlim	CI_Rightlim	CONVERGED	GO_term	term_size	prop_rep
1	a1	0.00254872807624714	0.999916246355338	0.00254894155939277	0.997966241085629	-1.9572511023367	1.96234855848919	0	GO:2000689	1	1
2	a1	0.00254872807624714	0.999916246355338	0.00254894155939277	0.997966241085629	-1.9572511023367	1.96234855848919	0	GO:2000983	1	1
3	a1	-0.000655387395515017	0.999916212405698	-0.000655442313449665	0.999477032735047	-1.96045515126838	1.95914437647735	0	GO:0006924	6	0.833333333333333
4	a1	-0.000655387395515017	0.999916212405698	-0.000655442313449665	0.999477032735047	-1.96045515126838	1.95914437647735	0	GO:0090267	7	0.714285714285714
5	a1	-0.00061794784374238	0.999916214507361	-0.000617999623145255	0.999506907673498	-1.9604177158358	1.95918182014831	0	GO:0018406	5	0.8
6	a1	-0.00061794784374238	0.999916214507361	-0.000617999623145255	0.999506907673498	-1.9604177158358	1.95918182014831	0	GO:1905037	4	1
7	a1	-0.000569687506605411	0.999916218012905	-0.000569735240155949	0.999545417072727	-1.9603694623694	1.95923008735619	0	GO:0015840	4	0.75
8	a1	-0.000569687506605411	0.999916218012905	-0.000569735240155949	0.999545417072727	-1.9603694623694	1.95923008735619	0	GO:0140361	4	0.75
9	a1	-0.000569687506605411	0.999916218012905	-0.000569735240155949	0.999545417072727	-1.9603694623694	1.95923008735619	0	GO:0046209	3	1
10	a1	-0.000569687506605411	0.999916218012905	-0.000569735240155949	0.999545417072727	-1.9603694623694	1.95923008735619	0	GO:0060465	4	0.75
11	a1	-0.000569687506605411	0.999916218012905	-0.000569735240155949	0.999545417072727	-1.9603694623694	1.95923008735619	0	GO:1904823	4	0.75
12	a1	-0.000569687506605411	0.999916218012905	-0.000569735240155949	0.999545417072727	-1.9603694623694	1.95923008735619	0	GO:0015855	4	0.75
13	a1	-0.000569687506605411	0.999916218012905	-0.000569735240155949	0.999545417072727	-1.9603694623694	1.95923008735619	0	GO:1902510	4	0.75
14	a1	-0.000569687506605411	0.999916218012905	-0.000569735240155949	0.999545417072727	-1.9603694623694	1.95923008735619	0	GO:0014839	4	0.75
15	a1	-0.000569687506605411	0.999916218012905	-0.000569735240155949	0.999545417072727	-1.9603694623694	1.95923008735619	0	GO:0021678	4	0.75
16	a1	-0.000569687506605411	0.999916218012905	-0.000569735240155949	0.999545417072727	-1.9603694623694	1.95923008735619	0	GO:1905517	4	0.75
17	a1	-0.000569687506605411	0.999916218012905	-0.000569735240155949	0.999545417072727	-1.9603694623694	1.95923008735619	0	GO:0032079	4	0.75
18	a1	-0.000569687506605411	0.999916218012905	-0.000569735240155949	0.999545417072727	-1.9603694623694	1.95923008735619	0	GO:0009063	3	1
19	a1	-0.000569687506605411	0.999916218012905	-0.000569735240155949	0.999545417072727	-1.9603694623694	1.95923008735619	0	GO:0007089	4	0.75
20	a1	-0.000569687506605411	0.999916218012905	-0.000569735240155949	0.999545417072727	-1.9603694623694	1.95923008735619	0	GO:1904694	3	1
21	a1	-0.000569687506605411	0.999916218012905	-0.000569735240155949	0.999545417072727	-1.9603694623694	1.95923008735619	0	GO:0031587	4	0.75
22	a1	-0.000569687506605411	0.999916218012905	-0.000569735240155949	0.999545417072727	-1.9603694623694	1.95923008735619	0	GO:0031365	4	0.75
23	a1	-0.000569687506605411	0.999916218012905	-0.000569735240155949	0.999545417072727	-1.9603694623694	1.95923008735619	0	GO:0003095	3	1
24	a1	-0.000569687506605411	0.999916218012905	-0.000569735240155949	0.999545417072727	-1.9603694623694	1.95923008735619	0	GO:0045950	3	1
25	a1	-0.000569687506605411	0.999916218012905	-0.000569735240155949	0.999545417072727	-1.9603694623694	1.95923008735619	0	GO:1900076	4	0.75
26	a1	-0.000569687506605411	0.999916218012905	-0.000569735240155949	0.999545417072727	-1.9603694623694	1.95923008735619	0	GO:0046500	4	0.75
27	a1	-0.000569687506605411	0.999916218012905	-0.000569735240155949	0.999545417072727	-1.9603694623694	1.95923008735619	0	GO:0036114	4	0.75
28	a1	-0.000569687506605411	0.999916218012905	-0.000569735240155949	0.999545417072727	-1.9603694623694	1.95923008735619	0	GO:0001880	4	0.75
29	a1	-0.000569687506605411	0.999916218012905	-0.000569735240155949	0.999545417072727	-1.9603694623694	1.95923008735619	0	GO:0031591	4	0.75
30	a1	-0.000569687506605411	0.999916218012905	-0.000569735240155949	0.999545417072727	-1.9603694623694	1.95923008735619	0	GO:0003127	3	1
31	a1	-0.000569687506605411	0.999916218012905	-0.000569735240155949	0.999545417072727	-1.9603694623694	1.95923008735619	0	GO:0018120	4	0.75
32	a1	-0.000501677949596764	0.999916225035571	-0.00050171998117034	0.999599685389973	-1.96030146657656	1.95929811067737	0	GO:0042816	2	1
33	a1	-0.000501677949596764	0.999916225035571	-0.00050171998117034	0.999599685389973	-1.96030146657656	1.95929811067737	0	GO:0071955	2	1
34	a1	-0.000501677949596764	0.999916225035571	-0.00050171998117034	0.999599685389973	-1.96030146657656	1.95929811067737	0	GO:0033566	2	1
35	a1	-0.000501677949596764	0.999916225035571	-0.00050171998117034	0.999599685389973	-1.96030146657656	1.95929811067737	0	GO:0060313	2	1
36	a1	-0.000501677949596764	0.999916225035571	-0.00050171998117034	0.999599685389973	-1.96030146657656	1.95929811067737	0	GO:0090169	2	1
37	a1	-0.000501677949596764	0.999916225035571	-0.00050171998117034	0.999599685389973	-1.96030146657656	1.95929811067737	0	GO:0042496	2	1
38	a1	-0.000501677949596764	0.999916225035571	-0.00050171998117034	0.999599685389973	-1.96030146657656	1.95929811067737	0	GO:0032493	2	1
39	a1	-0.000501677949596764	0.999916225035571	-0.00050171998117034	0.999599685389973	-1.96030146657656	1.95929811067737	0	GO:1903579	2	1
40	a1	-0.000501677949596764	0.999916225035571	-0.00050171998117034	0.999599685389973	-1.96030146657656	1.95929811067737	0	GO:0014043	2	1
41	a1	-0.000501677949596764	0.999916225035571	-0.00050171998117034	0.999599685389973	-1.96030146657656	1.95929811067737	0	GO:0007497	2	1
42	a1	-0.000501677949596764	0.999916225035571	-0.00050171998117034	0.999599685389973	-1.96030146657656	1.95929811067737	0	GO:0019482	2	1
43	a1	-0.000501677949596764	0.999916225035571	-0.00050171998117034	0.999599685389973	-1.96030146657656	1.95929811067737	0	GO:0030003	2	1
44	a1	-0.000501677949596764	0.999916225035571	-0.00050171998117034	0.999599685389973	-1.96030146657656	1.95929811067737	0	GO:1905259	2	1
45	a1	-0.000501677949596764	0.999916225035571	-0.00050171998117034	0.999599685389973	-1.96030146657656	1.95929811067737	0	GO:0009064	2	1
46	a1	-0.000501677949596764	0.999916225035571	-0.00050171998117034	0.999599685389973	-1.96030146657656	1.95929811067737	0	GO:0035963	2	1
47	a1	-0.000501677949596764	0.999916225035571	-0.00050171998117034	0.999599685389973	-1.96030146657656	1.95929811067737	0	GO:0006256	2	1
48	a1	-0.000501677949596764	0.999916225035571	-0.00050171998117034	0.999599685389973	-1.96030146657656	1.95929811067737	0	GO:0071140	2	1
49	a1	-0.000501677949596764	0.999916225035571	-0.00050171998117034	0.999599685389973	-1.96030146657656	1.95929811067737	0	GO:0090657	2	1
50	a1	-0.000501677949596764	0.999916225035571	-0.00050171998117034	0.999599685389973	-1.96030146657656	1.95929811067737	0	GO:0090737	2	1
51	a1	-0.000501677949596764	0.999916225035571	-0.00050171998117034	0.999599685389973	-1.96030146657656	1.95929811067737	0	GO:0090222	2	1
52	a1	-0.000501677949596764	0.999916225035571	-0.00050171998117034	0.999599685389973	-1.96030146657656	1.95929811067737	0	GO:0110025	2	1
53	a1	-0.000501677949596764	0.999916225035571	-0.00050171998117034	0.999599685389973	-1.96030146657656	1.95929811067737	0	GO:1903564	2	1
54	a1	-0.000501677949596764	0.999916225035571	-0.00050171998117034	0.999599685389973	-1.96030146657656	1.95929811067737	0	GO:0048250	2	1
55	a1	-0.000501677949596764	0.999916225035571	-0.00050171998117034	0.999599685389973	-1.96030146657656	1.95929811067737	0	GO:0046712	2	1
56	a1	-0.000501677949596764	0.999916225035571	-0.00050171998117034	0.999599685389973	-1.96030146657656	1.95929811067737	0	GO:0002926	2	1
57	a1	-0.000501677949596764	0.999916225035571	-0.00050171998117034	0.999599685389973	-1.96030146657656	1.95929811067737	0	GO:0043247	2	1
58	a1	-0.000501677949596764	0.999916225035571	-0.00050171998117034	0.999599685389973	-1.96030146657656	1.95929811067737	0	GO:0002204	2	1
59	a1	-0.000501677949596764	0.999916225035571	-0.00050171998117034	0.999599685389973	-1.96030146657656	1.95929811067737	0	GO:0032305	2	1
60	a1	-0.000501677949596764	0.999916225035571	-0.00050171998117034	0.999599685389973	-1.96030146657656	1.95929811067737	0	GO:0009438	2	1
61	a1	-0.000501677949596764	0.999916225035571	-0.00050171998117034	0.999599685389973	-1.96030146657656	1.95929811067737	0	GO:0009304	2	1
62	a1	-0.000501677949596764	0.999916225035571	-0.00050171998117034	0.999599685389973	-1.96030146657656	1.95929811067737	0	GO:0033626	2	1
63	a1	-0.000501677949596764	0.999916225035571	-0.00050171998117034	0.999599685389973	-1.96030146657656	1.95929811067737	0	GO:0035672	2	1
64	a1	-0.000501677949596764	0.999916225035571	-0.00050171998117034	0.999599685389973	-1.96030146657656	1.95929811067737	0	GO:0070895	2	1
65	a1	-0.000501677949596764	0.999916225035571	-0.00050171998117034	0.999599685389973	-1.96030146657656	1.95929811067737	0	GO:0006579	2	1
66	a1	-0.000501677949596764	0.999916225035571	-0.00050171998117034	0.999599685389973	-1.96030146657656	1.95929811067737	0	GO:1904666	2	1
67	a1	-0.000501677949596764	0.999916225035571	-0.00050171998117034	0.999599685389973	-1.96030146657656	1.95929811067737	0	GO:0005997	2	1
68	a1	-0.000501677949596764	0.999916225035571	-0.00050171998117034	0.999599685389973	-1.96030146657656	1.95929811067737	0	GO:0071267	2	1
69	a1	-0.000501677949596764	0.999916225035571	-0.00050171998117034	0.999599685389973	-1.96030146657656	1.95929811067737	0	GO:0070560	2	1
70	a1	-0.000501677949596764	0.999916225035571	-0.00050171998117034	0.999599685389973	-1.96030146657656	1.95929811067737	0	GO:1902943	2	1
71	a1	-0.000501677949596764	0.999916225035571	-0.00050171998117034	0.999599685389973	-1.96030146657656	1.95929811067737	0	GO:0110076	2	1
72	a1	-0.000501677949596764	0.999916225035571	-0.00050171998117034	0.999599685389973	-1.96030146657656	1.95929811067737	0	GO:0045117	2	1
73	a1	-0.000501677949596764	0.999916225035571	-0.00050171998117034	0.999599685389973	-1.96030146657656	1.95929811067737	0	GO:0002086	2	1
74	a1	-0.000501677949596764	0.999916225035571	-0.00050171998117034	0.999599685389973	-1.96030146657656	1.95929811067737	0	GO:0031448	2	1
75	a1	-0.000501677949596764	0.999916225035571	-0.00050171998117034	0.999599685389973	-1.96030146657656	1.95929811067737	0	GO:0032785	2	1
76	a1	-0.000501677949596764	0.999916225035571	-0.00050171998117034	0.999599685389973	-1.96030146657656	1.95929811067737	0	GO:0021997	2	1
77	a1	-0.000501677949596764	0.999916225035571	-0.00050171998117034	0.999599685389973	-1.96030146657656	1.95929811067737	0	GO:0006581	2	1
78	a1	-0.000501677949596764	0.999916225035571	-0.00050171998117034	0.999599685389973	-1.96030146657656	1.95929811067737	0	GO:0001507	2	1
79	a1	-0.000501677949596764	0.999916225035571	-0.00050171998117034	0.999599685389973	-1.96030146657656	1.95929811067737	0	GO:1905123	2	1
80	a1	-0.000501677949596764	0.999916225035571	-0.00050171998117034	0.999599685389973	-1.96030146657656	1.95929811067737	0	GO:1902466	2	1
81	a1	-0.000501677949596764	0.999916225035571	-0.00050171998117034	0.999599685389973	-1.96030146657656	1.95929811067737	0	GO:0016320	2	1
82	a1	-0.000501677949596764	0.999916225035571	-0.00050171998117034	0.999599685389973	-1.96030146657656	1.95929811067737	0	GO:0035358	2	1
83	a1	-0.000501677949596764	0.999916225035571	-0.00050171998117034	0.999599685389973	-1.96030146657656	1.95929811067737	0	GO:0061647	2	1
84	a1	-0.000501677949596764	0.999916225035571	-0.00050171998117034	0.999599685389973	-1.96030146657656	1.95929811067737	0	GO:1990619	2	1
85	a1	-0.000501677949596764	0.999916225035571	-0.00050171998117034	0.999599685389973	-1.96030146657656	1.95929811067737	0	GO:0032071	2	1
86	a1	-0.000501677949596764	0.999916225035571	-0.00050171998117034	0.999599685389973	-1.96030146657656	1.95929811067737	0	GO:0034276	2	1
87	a1	-0.000501677949596764	0.999916225035571	-0.00050171998117034	0.999599685389973	-1.96030146657656	1.95929811067737	0	GO:0031990	2	1
88	a1	-0.000501677949596764	0.999916225035571	-0.00050171998117034	0.999599685389973	-1.96030146657656	1.95929811067737	0	GO:1905281	2	1
89	a1	-0.000501677949596764	0.999916225035571	-0.00050171998117034	0.999599685389973	-1.96030146657656	1.95929811067737	0	GO:2000412	2	1
90	a1	-0.000501677949596764	0.999916225035571	-0.00050171998117034	0.999599685389973	-1.96030146657656	1.95929811067737	0	GO:2000504	2	1
91	a1	-0.000501677949596764	0.999916225035571	-0.00050171998117034	0.999599685389973	-1.96030146657656	1.95929811067737	0	GO:0031509	2	1
92	a1	-0.000501677949596764	0.999916225035571	-0.00050171998117034	0.999599685389973	-1.96030146657656	1.95929811067737	0	GO:0061515	2	1
93	a1	-0.000501677949596764	0.999916225035571	-0.00050171998117034	0.999599685389973	-1.96030146657656	1.95929811067737	0	GO:1901953	2	1
94	a1	-0.000385429580473395	0.999916246078808	-0.00038546186441601	0.99969244593722	-1.96018525945143	1.95941440029048	0	GO:1902866	1	1
95	a1	-0.000385429580473395	0.999916246078808	-0.00038546186441601	0.99969244593722	-1.96018525945143	1.95941440029048	0	GO:1902983	1	1
96	a1	-0.000385429580473395	0.999916246078808	-0.00038546186441601	0.99969244593722	-1.96018525945143	1.95941440029048	0	GO:1905711	1	1
97	a1	-0.000385429580473395	0.999916246078808	-0.00038546186441601	0.99969244593722	-1.96018525945143	1.95941440029048	0	GO:0046786	1	1
98	a1	-0.000385429580473395	0.999916246078808	-0.00038546186441601	0.99969244593722	-1.96018525945143	1.95941440029048	0	GO:0045620	1	1
99	a1	-0.000385429580473395	0.999916246078808	-0.00038546186441601	0.99969244593722	-1.96018525945143	1.95941440029048	0	GO:1901339	1	1
100	a1	-0.000385429580473395	0.999916246078808	-0.00038546186441601	0.99969244593722	-1.96018525945143	1.95941440029048	0	GO:0062026	1	1
101	a1	-0.000385429580473395	0.999916246078808	-0.00038546186441601	0.99969244593722	-1.96018525945143	1.95941440029048	0	GO:0060466	1	1
102	a1	-0.000385429580473395	0.999916246078808	-0.00038546186441601	0.99969244593722	-1.96018525945143	1.95941440029048	0	GO:2000438	1	1
103	a1	-0.000385429580473395	0.999916246078808	-0.00038546186441601	0.99969244593722	-1.96018525945143	1.95941440029048	0	GO:2000560	1	1
104	a1	-0.000385429580473395	0.999916246078808	-0.00038546186441601	0.99969244593722	-1.96018525945143	1.95941440029048	0	GO:1905631	1	1
105	a1	-0.000385429580473395	0.999916246078808	-0.00038546186441601	0.99969244593722	-1.96018525945143	1.95941440029048	0	GO:0009070	1	1
106	a1	-0.000385429580473395	0.999916246078808	-0.00038546186441601	0.99969244593722	-1.96018525945143	1.95941440029048	0	GO:0009443	1	1
107	a1	-0.000385429580473395	0.999916246078808	-0.00038546186441601	0.99969244593722	-1.96018525945143	1.95941440029048	0	GO:1904530	1	1
108	a1	-0.000385429580473395	0.999916246078808	-0.00038546186441601	0.99969244593722	-1.96018525945143	1.95941440029048	0	GO:0051415	1	1
109	a1	-0.000385429580473395	0.999916246078808	-0.00038546186441601	0.99969244593722	-1.96018525945143	1.95941440029048	0	GO:0010711	1	1
110	a1	-0.000385429580473395	0.999916246078808	-0.00038546186441601	0.99969244593722	-1.96018525945143	1.95941440029048	0	GO:0060311	1	1
111	a1	-0.000385429580473395	0.999916246078808	-0.00038546186441601	0.99969244593722	-1.96018525945143	1.95941440029048	0	GO:1904797	1	1
112	a1	-0.000385429580473395	0.999916246078808	-0.00038546186441601	0.99969244593722	-1.96018525945143	1.95941440029048	0	GO:0021870	1	1
113	a1	-0.000385429580473395	0.999916246078808	-0.00038546186441601	0.99969244593722	-1.96018525945143	1.95941440029048	0	GO:0050820	1	1
114	a1	-0.000385429580473395	0.999916246078808	-0.00038546186441601	0.99969244593722	-1.96018525945143	1.95941440029048	0	GO:0043545	1	1
115	a1	-0.000385429580473395	0.999916246078808	-0.00038546186441601	0.99969244593722	-1.96018525945143	1.95941440029048	0	GO:0080129	1	1
116	a1	-0.000385429580473395	0.999916246078808	-0.00038546186441601	0.99969244593722	-1.96018525945143	1.95941440029048	0	GO:0071384	1	1
117	a1	-0.000385429580473395	0.999916246078808	-0.00038546186441601	0.99969244593722	-1.96018525945143	1.95941440029048	0	GO:2000224	1	1
118	a1	-0.000385429580473395	0.999916246078808	-0.00038546186441601	0.99969244593722	-1.96018525945143	1.95941440029048	0	GO:0070316	1	1
119	a1	-0.000385429580473395	0.999916246078808	-0.00038546186441601	0.99969244593722	-1.96018525945143	1.95941440029048	0	GO:0034150	1	1
120	a1	-0.000385429580473395	0.999916246078808	-0.00038546186441601	0.99969244593722	-1.96018525945143	1.95941440029048	0	GO:0019606	1	1
121	a1	-0.000385429580473395	0.999916246078808	-0.00038546186441601	0.99969244593722	-1.96018525945143	1.95941440029048	0	GO:0051455	1	1
122	a1	-0.000385429580473395	0.999916246078808	-0.00038546186441601	0.99969244593722	-1.96018525945143	1.95941440029048	0	GO:0035645	1	1
123	a1	-0.000385429580473395	0.999916246078808	-0.00038546186441601	0.99969244593722	-1.96018525945143	1.95941440029048	0	GO:1990839	1	1
124	a1	-0.000385429580473395	0.999916246078808	-0.00038546186441601	0.99969244593722	-1.96018525945143	1.95941440029048	0	GO:0002946	1	1
125	a1	-0.000385429580473395	0.999916246078808	-0.00038546186441601	0.99969244593722	-1.96018525945143	1.95941440029048	0	GO:0006683	1	1
126	a1	-0.000385429580473395	0.999916246078808	-0.00038546186441601	0.99969244593722	-1.96018525945143	1.95941440029048	0	GO:0009305	1	1
127	a1	-0.000385429580473395	0.999916246078808	-0.00038546186441601	0.99969244593722	-1.96018525945143	1.95941440029048	0	GO:0071110	1	1
128	a1	-0.000385429580473395	0.999916246078808	-0.00038546186441601	0.99969244593722	-1.96018525945143	1.95941440029048	0	GO:0061960	1	1
129	a1	-0.000385429580473395	0.999916246078808	-0.00038546186441601	0.99969244593722	-1.96018525945143	1.95941440029048	0	GO:0070247	1	1
130	a1	-0.000385429580473395	0.999916246078808	-0.00038546186441601	0.99969244593722	-1.96018525945143	1.95941440029048	0	GO:0015864	1	1
131	a1	-0.000385429580473395	0.999916246078808	-0.00038546186441601	0.99969244593722	-1.96018525945143	1.95941440029048	0	GO:0033396	1	1
132	a1	-0.000385429580473395	0.999916246078808	-0.00038546186441601	0.99969244593722	-1.96018525945143	1.95941440029048	0	GO:0046135	1	1
133	a1	-0.000385429580473395	0.999916246078808	-0.00038546186441601	0.99969244593722	-1.96018525945143	1.95941440029048	0	GO:0043438	1	1
134	a1	-0.000385429580473395	0.999916246078808	-0.00038546186441601	0.99969244593722	-1.96018525945143	1.95941440029048	0	GO:0002419	1	1
135	a1	-0.000385429580473395	0.999916246078808	-0.00038546186441601	0.99969244593722	-1.96018525945143	1.95941440029048	0	GO:0002485	1	1
136	a1	-0.000385429580473395	0.999916246078808	-0.00038546186441601	0.99969244593722	-1.96018525945143	1.95941440029048	0	GO:0006666	1	1
137	a1	-0.000385429580473395	0.999916246078808	-0.00038546186441601	0.99969244593722	-1.96018525945143	1.95941440029048	0	GO:0051886	1	1
138	a1	-0.000385429580473395	0.999916246078808	-0.00038546186441601	0.99969244593722	-1.96018525945143	1.95941440029048	0	GO:0034474	1	1
139	a1	-0.000385429580473395	0.999916246078808	-0.00038546186441601	0.99969244593722	-1.96018525945143	1.95941440029048	0	GO:0036164	1	1
140	a1	-0.000385429580473395	0.999916246078808	-0.00038546186441601	0.99969244593722	-1.96018525945143	1.95941440029048	0	GO:0006055	1	1
141	a1	-0.000385429580473395	0.999916246078808	-0.00038546186441601	0.99969244593722	-1.96018525945143	1.95941440029048	0	GO:0035445	1	1
142	a1	-0.000385429580473395	0.999916246078808	-0.00038546186441601	0.99969244593722	-1.96018525945143	1.95941440029048	0	GO:0046713	1	1
143	a1	-0.000385429580473395	0.999916246078808	-0.00038546186441601	0.99969244593722	-1.96018525945143	1.95941440029048	0	GO:0045186	1	1
144	a1	-0.000385429580473395	0.999916246078808	-0.00038546186441601	0.99969244593722	-1.96018525945143	1.95941440029048	0	GO:0032652	1	1
145	a1	-0.000385429580473395	0.999916246078808	-0.00038546186441601	0.99969244593722	-1.96018525945143	1.95941440029048	0	GO:0042748	1	1
146	a1	-0.000385429580473395	0.999916246078808	-0.00038546186441601	0.99969244593722	-1.96018525945143	1.95941440029048	0	GO:0071869	1	1
147	a1	-0.000385429580473395	0.999916246078808	-0.00038546186441601	0.99969244593722	-1.96018525945143	1.95941440029048	0	GO:0032903	1	1
148	a1	-0.000385429580473395	0.999916246078808	-0.00038546186441601	0.99969244593722	-1.96018525945143	1.95941440029048	0	GO:0048572	1	1
149	a1	-0.000385429580473395	0.999916246078808	-0.00038546186441601	0.99969244593722	-1.96018525945143	1.95941440029048	0	GO:0071344	1	1
150	a1	-0.000385429580473395	0.999916246078808	-0.00038546186441601	0.99969244593722	-1.96018525945143	1.95941440029048	0	GO:0009231	1	1
151	a1	-0.000385429580473395	0.999916246078808	-0.00038546186441601	0.99969244593722	-1.96018525945143	1.95941440029048	0	GO:0009398	1	1
152	a1	-0.000385429580473395	0.999916246078808	-0.00038546186441601	0.99969244593722	-1.96018525945143	1.95941440029048	0	GO:1904784	1	1
153	a1	-0.000385429580473395	0.999916246078808	-0.00038546186441601	0.99969244593722	-1.96018525945143	1.95941440029048	0	GO:0002101	1	1
154	a1	-0.000385429580473395	0.999916246078808	-0.00038546186441601	0.99969244593722	-1.96018525945143	1.95941440029048	0	GO:1990983	1	1
155	a1	-0.000385429580473395	0.999916246078808	-0.00038546186441601	0.99969244593722	-1.96018525945143	1.95941440029048	0	GO:0090341	1	1
156	a1	-0.000385429580473395	0.999916246078808	-0.00038546186441601	0.99969244593722	-1.96018525945143	1.95941440029048	0	GO:0009087	1	1
157	a1	-0.000385429580473395	0.999916246078808	-0.00038546186441601	0.99969244593722	-1.96018525945143	1.95941440029048	0	GO:0086103	1	1
158	a1	-0.000385429580473395	0.999916246078808	-0.00038546186441601	0.99969244593722	-1.96018525945143	1.95941440029048	0	GO:1901003	1	1
159	a1	-0.000385429580473395	0.999916246078808	-0.00038546186441601	0.99969244593722	-1.96018525945143	1.95941440029048	0	GO:0036060	1	1
160	a1	-0.000385429580473395	0.999916246078808	-0.00038546186441601	0.99969244593722	-1.96018525945143	1.95941440029048	0	GO:0006254	1	1
161	a1	-0.000385429580473395	0.999916246078808	-0.00038546186441601	0.99969244593722	-1.96018525945143	1.95941440029048	0	GO:0046052	1	1
162	a1	-0.000385429580473395	0.999916246078808	-0.00038546186441601	0.99969244593722	-1.96018525945143	1.95941440029048	0	GO:0006392	1	1
163	a1	-0.000385429580473395	0.999916246078808	-0.00038546186441601	0.99969244593722	-1.96018525945143	1.95941440029048	0	GO:0033567	1	1
164	a1	-0.000385429580473395	0.999916246078808	-0.00038546186441601	0.99969244593722	-1.96018525945143	1.95941440029048	0	GO:0035039	1	1
165	a1	-0.000385429580473395	0.999916246078808	-0.00038546186441601	0.99969244593722	-1.96018525945143	1.95941440029048	0	GO:0003251	1	1
166	a1	-0.000385429580473395	0.999916246078808	-0.00038546186441601	0.99969244593722	-1.96018525945143	1.95941440029048	0	GO:1905305	1	1
167	a1	-0.000385429580473395	0.999916246078808	-0.00038546186441601	0.99969244593722	-1.96018525945143	1.95941440029048	0	GO:0061040	1	1
168	a1	-0.000385429580473395	0.999916246078808	-0.00038546186441601	0.99969244593722	-1.96018525945143	1.95941440029048	0	GO:1903045	1	1
169	a1	-0.000385429580473395	0.999916246078808	-0.00038546186441601	0.99969244593722	-1.96018525945143	1.95941440029048	0	GO:0046130	1	1
170	a1	-0.000385429580473395	0.999916246078808	-0.00038546186441601	0.99969244593722	-1.96018525945143	1.95941440029048	0	GO:0033595	1	1
171	a1	-0.000385429580473395	0.999916246078808	-0.00038546186441601	0.99969244593722	-1.96018525945143	1.95941440029048	0	GO:0061476	1	1
172	a1	-0.000385429580473395	0.999916246078808	-0.00038546186441601	0.99969244593722	-1.96018525945143	1.95941440029048	0	GO:1904400	1	1
173	a1	-0.000385429580473395	0.999916246078808	-0.00038546186441601	0.99969244593722	-1.96018525945143	1.95941440029048	0	GO:1904612	1	1
174	a1	-0.000385429580473395	0.999916246078808	-0.00038546186441601	0.99969244593722	-1.96018525945143	1.95941440029048	0	GO:1905217	1	1
175	a1	-0.000385429580473395	0.999916246078808	-0.00038546186441601	0.99969244593722	-1.96018525945143	1.95941440029048	0	GO:1905225	1	1
176	a1	-0.000385429580473395	0.999916246078808	-0.00038546186441601	0.99969244593722	-1.96018525945143	1.95941440029048	0	GO:0034486	1	1
177	a1	-0.000385429580473395	0.999916246078808	-0.00038546186441601	0.99969244593722	-1.96018525945143	1.95941440029048	0	GO:0042339	1	1
178	a1	-0.000385429580473395	0.999916246078808	-0.00038546186441601	0.99969244593722	-1.96018525945143	1.95941440029048	0	GO:1902979	1	1
179	a1	-0.000385429580473395	0.999916246078808	-0.00038546186441601	0.99969244593722	-1.96018525945143	1.95941440029048	0	GO:0061611	1	1
180	a1	-0.000385429580473395	0.999916246078808	-0.00038546186441601	0.99969244593722	-1.96018525945143	1.95941440029048	0	GO:0097753	1	1
181	a1	-0.000385429580473395	0.999916246078808	-0.00038546186441601	0.99969244593722	-1.96018525945143	1.95941440029048	0	GO:1902959	1	1
182	a1	-0.000385429580473395	0.999916246078808	-0.00038546186441601	0.99969244593722	-1.96018525945143	1.95941440029048	0	GO:0035695	1	1
183	a1	-0.000385429580473395	0.999916246078808	-0.00038546186441601	0.99969244593722	-1.96018525945143	1.95941440029048	0	GO:0034085	1	1
184	a1	-0.000385429580473395	0.999916246078808	-0.00038546186441601	0.99969244593722	-1.96018525945143	1.95941440029048	0	GO:1990700	1	1
185	a1	-0.000385429580473395	0.999916246078808	-0.00038546186441601	0.99969244593722	-1.96018525945143	1.95941440029048	0	GO:0044275	1	1
186	a1	-0.000385429580473395	0.999916246078808	-0.00038546186441601	0.99969244593722	-1.96018525945143	1.95941440029048	0	GO:1904340	1	1
187	a1	-0.000385429580473395	0.999916246078808	-0.00038546186441601	0.99969244593722	-1.96018525945143	1.95941440029048	0	GO:0036445	1	1
188	a1	-0.000385429580473395	0.999916246078808	-0.00038546186441601	0.99969244593722	-1.96018525945143	1.95941440029048	0	GO:0120316	1	1
189	a1	-0.000385429580473395	0.999916246078808	-0.00038546186441601	0.99969244593722	-1.96018525945143	1.95941440029048	0	GO:0032023	1	1
190	a1	-0.000385429580473395	0.999916246078808	-0.00038546186441601	0.99969244593722	-1.96018525945143	1.95941440029048	0	GO:0006781	1	1
191	a1	-0.000385429580473395	0.999916246078808	-0.00038546186441601	0.99969244593722	-1.96018525945143	1.95941440029048	0	GO:0031125	1	1
192	a1	-0.000385429580473395	0.999916246078808	-0.00038546186441601	0.99969244593722	-1.96018525945143	1.95941440029048	0	GO:0018190	1	1
193	a1	-0.000385429580473395	0.999916246078808	-0.00038546186441601	0.99969244593722	-1.96018525945143	1.95941440029048	0	GO:0018191	1	1
194	a1	-0.000385429580473395	0.999916246078808	-0.00038546186441601	0.99969244593722	-1.96018525945143	1.95941440029048	0	GO:0051366	1	1
195	a1	-0.000385429580473395	0.999916246078808	-0.00038546186441601	0.99969244593722	-1.96018525945143	1.95941440029048	0	GO:0061185	1	1
196	a1	-0.000385429580473395	0.999916246078808	-0.00038546186441601	0.99969244593722	-1.96018525945143	1.95941440029048	0	GO:2000836	1	1
197	a1	-0.000385429580473395	0.999916246078808	-0.00038546186441601	0.99969244593722	-1.96018525945143	1.95941440029048	0	GO:2000384	1	1
198	a1	-0.000385429580473395	0.999916246078808	-0.00038546186441601	0.99969244593722	-1.96018525945143	1.95941440029048	0	GO:0090153	1	1
199	a1	-0.000385429580473395	0.999916246078808	-0.00038546186441601	0.99969244593722	-1.96018525945143	1.95941440029048	0	GO:1904221	1	1
200	a1	-0.000385429580473395	0.999916246078808	-0.00038546186441601	0.99969244593722	-1.96018525945143	1.95941440029048	0	GO:0048698	1	1
201	a1	-0.000385429580473395	0.999916246078808	-0.00038546186441601	0.99969244593722	-1.96018525945143	1.95941440029048	0	GO:0061078	1	1
202	a1	-0.000385429580473395	0.999916246078808	-0.00038546186441601	0.99969244593722	-1.96018525945143	1.95941440029048	0	GO:0061081	1	1
203	a1	-0.000385429580473395	0.999916246078808	-0.00038546186441601	0.99969244593722	-1.96018525945143	1.95941440029048	0	GO:1990256	1	1
204	a1	-0.000385429580473395	0.999916246078808	-0.00038546186441601	0.99969244593722	-1.96018525945143	1.95941440029048	0	GO:0034373	1	1
205	a1	-0.000385429580473395	0.999916246078808	-0.00038546186441601	0.99969244593722	-1.96018525945143	1.95941440029048	0	GO:0009740	1	1
206	a1	-0.000385429580473395	0.999916246078808	-0.00038546186441601	0.99969244593722	-1.96018525945143	1.95941440029048	0	GO:1905584	1	1
207	a1	-0.000385429580473395	0.999916246078808	-0.00038546186441601	0.99969244593722	-1.96018525945143	1.95941440029048	0	GO:0006843	1	1
208	a1	-0.000385429580473395	0.999916246078808	-0.00038546186441601	0.99969244593722	-1.96018525945143	1.95941440029048	0	GO:0032901	1	1
209	a1	-0.000385429580473395	0.999916246078808	-0.00038546186441601	0.99969244593722	-1.96018525945143	1.95941440029048	0	GO:0046036	1	1
210	a1	-0.000385429580473395	0.999916246078808	-0.00038546186441601	0.99969244593722	-1.96018525945143	1.95941440029048	0	GO:0060268	1	1
211	a1	-0.000385429580473395	0.999916246078808	-0.00038546186441601	0.99969244593722	-1.96018525945143	1.95941440029048	0	GO:0003335	1	1
212	a1	-0.000385429580473395	0.999916246078808	-0.00038546186441601	0.99969244593722	-1.96018525945143	1.95941440029048	0	GO:1901605	1	1
213	a1	-0.000385429580473395	0.999916246078808	-0.00038546186441601	0.99969244593722	-1.96018525945143	1.95941440029048	0	GO:0046272	1	1
214	a1	-0.000385429580473395	0.999916246078808	-0.00038546186441601	0.99969244593722	-1.96018525945143	1.95941440029048	0	GO:0032458	1	1
215	a1	-0.000385429580473395	0.999916246078808	-0.00038546186441601	0.99969244593722	-1.96018525945143	1.95941440029048	0	GO:0070241	1	1
216	a1	-0.000385429580473395	0.999916246078808	-0.00038546186441601	0.99969244593722	-1.96018525945143	1.95941440029048	0	GO:0001807	1	1
217	a1	-0.000385429580473395	0.999916246078808	-0.00038546186441601	0.99969244593722	-1.96018525945143	1.95941440029048	0	GO:0060353	1	1
218	a1	-0.000385429580473395	0.999916246078808	-0.00038546186441601	0.99969244593722	-1.96018525945143	1.95941440029048	0	GO:1904994	1	1
219	a1	-0.000385429580473395	0.999916246078808	-0.00038546186441601	0.99969244593722	-1.96018525945143	1.95941440029048	0	GO:2000389	1	1
220	a1	-0.000385429580473395	0.999916246078808	-0.00038546186441601	0.99969244593722	-1.96018525945143	1.95941440029048	0	GO:0002100	1	1
221	a1	-0.000385429580473395	0.999916246078808	-0.00038546186441601	0.99969244593722	-1.96018525945143	1.95941440029048	0	GO:1990092	1	1
222	a1	-0.000385429580473395	0.999916246078808	-0.00038546186441601	0.99969244593722	-1.96018525945143	1.95941440029048	0	GO:1905280	1	1
223	a1	-0.000385429580473395	0.999916246078808	-0.00038546186441601	0.99969244593722	-1.96018525945143	1.95941440029048	0	GO:2000380	1	1
224	a1	-0.000385429580473395	0.999916246078808	-0.00038546186441601	0.99969244593722	-1.96018525945143	1.95941440029048	0	GO:0021687	1	1
225	a1	-0.000385429580473395	0.999916246078808	-0.00038546186441601	0.99969244593722	-1.96018525945143	1.95941440029048	0	GO:0110026	1	1
226	a1	-0.000385429580473395	0.999916246078808	-0.00038546186441601	0.99969244593722	-1.96018525945143	1.95941440029048	0	GO:0000732	1	1
227	a1	-0.000385429580473395	0.999916246078808	-0.00038546186441601	0.99969244593722	-1.96018525945143	1.95941440029048	0	GO:1904506	1	1
228	a1	-0.000385429580473395	0.999916246078808	-0.00038546186441601	0.99969244593722	-1.96018525945143	1.95941440029048	0	GO:1904535	1	1
229	a1	-0.000385429580473395	0.999916246078808	-0.00038546186441601	0.99969244593722	-1.96018525945143	1.95941440029048	0	GO:0034242	1	1
230	a1	-0.000385429580473395	0.999916246078808	-0.00038546186441601	0.99969244593722	-1.96018525945143	1.95941440029048	0	GO:0060427	1	1
231	a1	-0.000385429580473395	0.999916246078808	-0.00038546186441601	0.99969244593722	-1.96018525945143	1.95941440029048	0	GO:0060658	1	1
232	a1	-0.000385429580473395	0.999916246078808	-0.00038546186441601	0.99969244593722	-1.96018525945143	1.95941440029048	0	GO:0071139	1	1
233	a1	-0.000385429580473395	0.999916246078808	-0.00038546186441601	0.99969244593722	-1.96018525945143	1.95941440029048	0	GO:0007147	1	1
234	a1	-0.000385429580473395	0.999916246078808	-0.00038546186441601	0.99969244593722	-1.96018525945143	1.95941440029048	0	GO:0060383	1	1
235	a1	-0.000385429580473395	0.999916246078808	-0.00038546186441601	0.99969244593722	-1.96018525945143	1.95941440029048	0	GO:1905774	1	1
236	a1	-0.000385429580473395	0.999916246078808	-0.00038546186441601	0.99969244593722	-1.96018525945143	1.95941440029048	0	GO:0045738	1	1
237	a1	-0.000385429580473395	0.999916246078808	-0.00038546186441601	0.99969244593722	-1.96018525945143	1.95941440029048	0	GO:0061481	1	1
238	a1	-0.000385429580473395	0.999916246078808	-0.00038546186441601	0.99969244593722	-1.96018525945143	1.95941440029048	0	GO:1902546	1	1
239	a1	-0.000385429580473395	0.999916246078808	-0.00038546186441601	0.99969244593722	-1.96018525945143	1.95941440029048	0	GO:1903317	1	1
240	a1	-0.000385429580473395	0.999916246078808	-0.00038546186441601	0.99969244593722	-1.96018525945143	1.95941440029048	0	GO:0061580	1	1
241	a1	-0.000385429580473395	0.999916246078808	-0.00038546186441601	0.99969244593722	-1.96018525945143	1.95941440029048	0	GO:0035750	1	1
242	a1	-0.000385429580473395	0.999916246078808	-0.00038546186441601	0.99969244593722	-1.96018525945143	1.95941440029048	0	GO:0032304	1	1
243	a1	-0.000385429580473395	0.999916246078808	-0.00038546186441601	0.99969244593722	-1.96018525945143	1.95941440029048	0	GO:0098939	1	1
244	a1	-0.000385429580473395	0.999916246078808	-0.00038546186441601	0.99969244593722	-1.96018525945143	1.95941440029048	0	GO:0015790	1	1
245	a1	-0.000385429580473395	0.999916246078808	-0.00038546186441601	0.99969244593722	-1.96018525945143	1.95941440029048	0	GO:1904426	1	1
246	a1	-0.000385429580473395	0.999916246078808	-0.00038546186441601	0.99969244593722	-1.96018525945143	1.95941440029048	0	GO:0070060	1	1
247	a1	-0.000385429580473395	0.999916246078808	-0.00038546186441601	0.99969244593722	-1.96018525945143	1.95941440029048	0	GO:2000192	1	1
248	a1	-0.000385429580473395	0.999916246078808	-0.00038546186441601	0.99969244593722	-1.96018525945143	1.95941440029048	0	GO:0031034	1	1
249	a1	-0.000385429580473395	0.999916246078808	-0.00038546186441601	0.99969244593722	-1.96018525945143	1.95941440029048	0	GO:0001899	1	1
250	a1	-0.000385429580473395	0.999916246078808	-0.00038546186441601	0.99969244593722	-1.96018525945143	1.95941440029048	0	GO:1901208	1	1
251	a1	-0.000385429580473395	0.999916246078808	-0.00038546186441601	0.99969244593722	-1.96018525945143	1.95941440029048	0	GO:1901211	1	1
252	a1	-0.000385429580473395	0.999916246078808	-0.00038546186441601	0.99969244593722	-1.96018525945143	1.95941440029048	0	GO:1905456	1	1
253	a1	-0.000385429580473395	0.999916246078808	-0.00038546186441601	0.99969244593722	-1.96018525945143	1.95941440029048	0	GO:0046874	1	1
254	a1	-0.000385429580473395	0.999916246078808	-0.00038546186441601	0.99969244593722	-1.96018525945143	1.95941440029048	0	GO:0021686	1	1
255	a1	-0.000385429580473395	0.999916246078808	-0.00038546186441601	0.99969244593722	-1.96018525945143	1.95941440029048	0	GO:0021933	1	1
256	a1	-0.000385429580473395	0.999916246078808	-0.00038546186441601	0.99969244593722	-1.96018525945143	1.95941440029048	0	GO:1903772	1	1
257	a1	-0.000385429580473395	0.999916246078808	-0.00038546186441601	0.99969244593722	-1.96018525945143	1.95941440029048	0	GO:1901136	1	1
258	a1	-0.000385429580473395	0.999916246078808	-0.00038546186441601	0.99969244593722	-1.96018525945143	1.95941440029048	0	GO:0009452	1	1
259	a1	-0.000385429580473395	0.999916246078808	-0.00038546186441601	0.99969244593722	-1.96018525945143	1.95941440029048	0	GO:0022613	1	1
260	a1	-0.000385429580473395	0.999916246078808	-0.00038546186441601	0.99969244593722	-1.96018525945143	1.95941440029048	0	GO:0036261	1	1
261	a1	-0.000385429580473395	0.999916246078808	-0.00038546186441601	0.99969244593722	-1.96018525945143	1.95941440029048	0	GO:0008039	1	1
262	a1	-0.000385429580473395	0.999916246078808	-0.00038546186441601	0.99969244593722	-1.96018525945143	1.95941440029048	0	GO:0016116	1	1
263	a1	-0.000385429580473395	0.999916246078808	-0.00038546186441601	0.99969244593722	-1.96018525945143	1.95941440029048	0	GO:0016119	1	1
264	a1	-0.000385429580473395	0.999916246078808	-0.00038546186441601	0.99969244593722	-1.96018525945143	1.95941440029048	0	GO:0016122	1	1
265	a1	-0.000385429580473395	0.999916246078808	-0.00038546186441601	0.99969244593722	-1.96018525945143	1.95941440029048	0	GO:0098530	1	1
266	a1	-0.000385429580473395	0.999916246078808	-0.00038546186441601	0.99969244593722	-1.96018525945143	1.95941440029048	0	GO:0006507	1	1
267	a1	-0.000385429580473395	0.999916246078808	-0.00038546186441601	0.99969244593722	-1.96018525945143	1.95941440029048	0	GO:0071401	1	1
268	a1	-0.000385429580473395	0.999916246078808	-0.00038546186441601	0.99969244593722	-1.96018525945143	1.95941440029048	0	GO:0046838	1	1
269	a1	-0.000385429580473395	0.999916246078808	-0.00038546186441601	0.99969244593722	-1.96018525945143	1.95941440029048	0	GO:0005998	1	1
270	a1	-0.000385429580473395	0.999916246078808	-0.00038546186441601	0.99969244593722	-1.96018525945143	1.95941440029048	0	GO:0000097	1	1
271	a1	-0.000385429580473395	0.999916246078808	-0.00038546186441601	0.99969244593722	-1.96018525945143	1.95941440029048	0	GO:1900542	1	1
272	a1	-0.000385429580473395	0.999916246078808	-0.00038546186441601	0.99969244593722	-1.96018525945143	1.95941440029048	0	GO:2000549	1	1
273	a1	-0.000385429580473395	0.999916246078808	-0.00038546186441601	0.99969244593722	-1.96018525945143	1.95941440029048	0	GO:0097026	1	1
274	a1	-0.000385429580473395	0.999916246078808	-0.00038546186441601	0.99969244593722	-1.96018525945143	1.95941440029048	0	GO:2000548	1	1
275	a1	-0.000385429580473395	0.999916246078808	-0.00038546186441601	0.99969244593722	-1.96018525945143	1.95941440029048	0	GO:0097552	1	1
276	a1	-0.000385429580473395	0.999916246078808	-0.00038546186441601	0.99969244593722	-1.96018525945143	1.95941440029048	0	GO:1901052	1	1
277	a1	-0.000385429580473395	0.999916246078808	-0.00038546186441601	0.99969244593722	-1.96018525945143	1.95941440029048	0	GO:1904983	1	1
278	a1	-0.000385429580473395	0.999916246078808	-0.00038546186441601	0.99969244593722	-1.96018525945143	1.95941440029048	0	GO:0060837	1	1
279	a1	-0.000385429580473395	0.999916246078808	-0.00038546186441601	0.99969244593722	-1.96018525945143	1.95941440029048	0	GO:0033477	1	1
280	a1	-0.000385429580473395	0.999916246078808	-0.00038546186441601	0.99969244593722	-1.96018525945143	1.95941440029048	0	GO:0010920	1	1
281	a1	-0.000385429580473395	0.999916246078808	-0.00038546186441601	0.99969244593722	-1.96018525945143	1.95941440029048	0	GO:0010925	1	1
282	a1	-0.000385429580473395	0.999916246078808	-0.00038546186441601	0.99969244593722	-1.96018525945143	1.95941440029048	0	GO:0030845	1	1
283	a1	-0.000385429580473395	0.999916246078808	-0.00038546186441601	0.99969244593722	-1.96018525945143	1.95941440029048	0	GO:0060305	1	1
284	a1	-0.000385429580473395	0.999916246078808	-0.00038546186441601	0.99969244593722	-1.96018525945143	1.95941440029048	0	GO:0060620	1	1
285	a1	-0.000385429580473395	0.999916246078808	-0.00038546186441601	0.99969244593722	-1.96018525945143	1.95941440029048	0	GO:0009159	1	1
286	a1	-0.000385429580473395	0.999916246078808	-0.00038546186441601	0.99969244593722	-1.96018525945143	1.95941440029048	0	GO:0031549	1	1
287	a1	-0.000385429580473395	0.999916246078808	-0.00038546186441601	0.99969244593722	-1.96018525945143	1.95941440029048	0	GO:0048670	1	1
288	a1	-0.000385429580473395	0.999916246078808	-0.00038546186441601	0.99969244593722	-1.96018525945143	1.95941440029048	0	GO:1904947	1	1
289	a1	-0.000385429580473395	0.999916246078808	-0.00038546186441601	0.99969244593722	-1.96018525945143	1.95941440029048	0	GO:1990548	1	1
290	a1	-0.000385429580473395	0.999916246078808	-0.00038546186441601	0.99969244593722	-1.96018525945143	1.95941440029048	0	GO:2000184	1	1
291	a1	-0.000385429580473395	0.999916246078808	-0.00038546186441601	0.99969244593722	-1.96018525945143	1.95941440029048	0	GO:0003065	1	1
292	a1	-0.000385429580473395	0.999916246078808	-0.00038546186441601	0.99969244593722	-1.96018525945143	1.95941440029048	0	GO:0019935	1	1
293	a1	-0.000385429580473395	0.999916246078808	-0.00038546186441601	0.99969244593722	-1.96018525945143	1.95941440029048	0	GO:0051459	1	1
294	a1	-0.000385429580473395	0.999916246078808	-0.00038546186441601	0.99969244593722	-1.96018525945143	1.95941440029048	0	GO:0051460	1	1
295	a1	-0.000385429580473395	0.999916246078808	-0.00038546186441601	0.99969244593722	-1.96018525945143	1.95941440029048	0	GO:1900011	1	1
296	a1	-0.000385429580473395	0.999916246078808	-0.00038546186441601	0.99969244593722	-1.96018525945143	1.95941440029048	0	GO:0045016	1	1
297	a1	-0.000385429580473395	0.999916246078808	-0.00038546186441601	0.99969244593722	-1.96018525945143	1.95941440029048	0	GO:0100002	1	1
298	a1	-0.000385429580473395	0.999916246078808	-0.00038546186441601	0.99969244593722	-1.96018525945143	1.95941440029048	0	GO:0060709	1	1
299	a1	-0.000385429580473395	0.999916246078808	-0.00038546186441601	0.99969244593722	-1.96018525945143	1.95941440029048	0	GO:0006577	1	1
300	a1	-0.000385429580473395	0.999916246078808	-0.00038546186441601	0.99969244593722	-1.96018525945143	1.95941440029048	0	GO:0050666	1	1
301	a1	-0.000385429580473395	0.999916246078808	-0.00038546186441601	0.99969244593722	-1.96018525945143	1.95941440029048	0	GO:0002295	1	1
302	a1	-0.000385429580473395	0.999916246078808	-0.00038546186441601	0.99969244593722	-1.96018525945143	1.95941440029048	0	GO:0060377	1	1
303	a1	-0.000385429580473395	0.999916246078808	-0.00038546186441601	0.99969244593722	-1.96018525945143	1.95941440029048	0	GO:0015723	1	1
304	a1	-0.000385429580473395	0.999916246078808	-0.00038546186441601	0.99969244593722	-1.96018525945143	1.95941440029048	0	GO:1905090	1	1
305	a1	-0.000385429580473395	0.999916246078808	-0.00038546186441601	0.99969244593722	-1.96018525945143	1.95941440029048	0	GO:0061343	1	1
306	a1	-0.000385429580473395	0.999916246078808	-0.00038546186441601	0.99969244593722	-1.96018525945143	1.95941440029048	0	GO:0098925	1	1
307	a1	-0.000385429580473395	0.999916246078808	-0.00038546186441601	0.99969244593722	-1.96018525945143	1.95941440029048	0	GO:0006539	1	1
308	a1	-0.000385429580473395	0.999916246078808	-0.00038546186441601	0.99969244593722	-1.96018525945143	1.95941440029048	0	GO:0036471	1	1
309	a1	-0.000385429580473395	0.999916246078808	-0.00038546186441601	0.99969244593722	-1.96018525945143	1.95941440029048	0	GO:0036526	1	1
310	a1	-0.000385429580473395	0.999916246078808	-0.00038546186441601	0.99969244593722	-1.96018525945143	1.95941440029048	0	GO:0036527	1	1
311	a1	-0.000385429580473395	0.999916246078808	-0.00038546186441601	0.99969244593722	-1.96018525945143	1.95941440029048	0	GO:0036528	1	1
312	a1	-0.000385429580473395	0.999916246078808	-0.00038546186441601	0.99969244593722	-1.96018525945143	1.95941440029048	0	GO:0036529	1	1
313	a1	-0.000385429580473395	0.999916246078808	-0.00038546186441601	0.99969244593722	-1.96018525945143	1.95941440029048	0	GO:0036530	1	1
314	a1	-0.000385429580473395	0.999916246078808	-0.00038546186441601	0.99969244593722	-1.96018525945143	1.95941440029048	0	GO:0036531	1	1
315	a1	-0.000385429580473395	0.999916246078808	-0.00038546186441601	0.99969244593722	-1.96018525945143	1.95941440029048	0	GO:0046295	1	1
316	a1	-0.000385429580473395	0.999916246078808	-0.00038546186441601	0.99969244593722	-1.96018525945143	1.95941440029048	0	GO:0050787	1	1
317	a1	-0.000385429580473395	0.999916246078808	-0.00038546186441601	0.99969244593722	-1.96018525945143	1.95941440029048	0	GO:0061727	1	1
318	a1	-0.000385429580473395	0.999916246078808	-0.00038546186441601	0.99969244593722	-1.96018525945143	1.95941440029048	0	GO:0106044	1	1
319	a1	-0.000385429580473395	0.999916246078808	-0.00038546186441601	0.99969244593722	-1.96018525945143	1.95941440029048	0	GO:0106045	1	1
320	a1	-0.000385429580473395	0.999916246078808	-0.00038546186441601	0.99969244593722	-1.96018525945143	1.95941440029048	0	GO:0106046	1	1
321	a1	-0.000385429580473395	0.999916246078808	-0.00038546186441601	0.99969244593722	-1.96018525945143	1.95941440029048	0	GO:0140041	1	1
322	a1	-0.000385429580473395	0.999916246078808	-0.00038546186441601	0.99969244593722	-1.96018525945143	1.95941440029048	0	GO:1902903	1	1
323	a1	-0.000385429580473395	0.999916246078808	-0.00038546186441601	0.99969244593722	-1.96018525945143	1.95941440029048	0	GO:1903073	1	1
324	a1	-0.000385429580473395	0.999916246078808	-0.00038546186441601	0.99969244593722	-1.96018525945143	1.95941440029048	0	GO:1903122	1	1
325	a1	-0.000385429580473395	0.999916246078808	-0.00038546186441601	0.99969244593722	-1.96018525945143	1.95941440029048	0	GO:1903168	1	1
326	a1	-0.000385429580473395	0.999916246078808	-0.00038546186441601	0.99969244593722	-1.96018525945143	1.95941440029048	0	GO:1903178	1	1
327	a1	-0.000385429580473395	0.999916246078808	-0.00038546186441601	0.99969244593722	-1.96018525945143	1.95941440029048	0	GO:1903189	1	1
328	a1	-0.000385429580473395	0.999916246078808	-0.00038546186441601	0.99969244593722	-1.96018525945143	1.95941440029048	0	GO:1903190	1	1
329	a1	-0.000385429580473395	0.999916246078808	-0.00038546186441601	0.99969244593722	-1.96018525945143	1.95941440029048	0	GO:1903197	1	1
330	a1	-0.000385429580473395	0.999916246078808	-0.00038546186441601	0.99969244593722	-1.96018525945143	1.95941440029048	0	GO:1903200	1	1
331	a1	-0.000385429580473395	0.999916246078808	-0.00038546186441601	0.99969244593722	-1.96018525945143	1.95941440029048	0	GO:2000277	1	1
332	a1	-0.000385429580473395	0.999916246078808	-0.00038546186441601	0.99969244593722	-1.96018525945143	1.95941440029048	0	GO:1905215	1	1
333	a1	-0.000385429580473395	0.999916246078808	-0.00038546186441601	0.99969244593722	-1.96018525945143	1.95941440029048	0	GO:0001809	1	1
334	a1	-0.000385429580473395	0.999916246078808	-0.00038546186441601	0.99969244593722	-1.96018525945143	1.95941440029048	0	GO:2000388	1	1
335	a1	-0.000385429580473395	0.999916246078808	-0.00038546186441601	0.99969244593722	-1.96018525945143	1.95941440029048	0	GO:0003359	1	1
336	a1	-0.000385429580473395	0.999916246078808	-0.00038546186441601	0.99969244593722	-1.96018525945143	1.95941440029048	0	GO:0007400	1	1
337	a1	-0.000385429580473395	0.999916246078808	-0.00038546186441601	0.99969244593722	-1.96018525945143	1.95941440029048	0	GO:0021750	1	1
338	a1	-0.000385429580473395	0.999916246078808	-0.00038546186441601	0.99969244593722	-1.96018525945143	1.95941440029048	0	GO:0021779	1	1
339	a1	-0.000385429580473395	0.999916246078808	-0.00038546186441601	0.99969244593722	-1.96018525945143	1.95941440029048	0	GO:0060165	1	1
340	a1	-0.000385429580473395	0.999916246078808	-0.00038546186441601	0.99969244593722	-1.96018525945143	1.95941440029048	0	GO:0061100	1	1
341	a1	-0.000385429580473395	0.999916246078808	-0.00038546186441601	0.99969244593722	-1.96018525945143	1.95941440029048	0	GO:0061102	1	1
342	a1	-0.000385429580473395	0.999916246078808	-0.00038546186441601	0.99969244593722	-1.96018525945143	1.95941440029048	0	GO:0061103	1	1
343	a1	-0.000385429580473395	0.999916246078808	-0.00038546186441601	0.99969244593722	-1.96018525945143	1.95941440029048	0	GO:0071259	1	1
344	a1	-0.000385429580473395	0.999916246078808	-0.00038546186441601	0.99969244593722	-1.96018525945143	1.95941440029048	0	GO:0071501	1	1
345	a1	-0.000385429580473395	0.999916246078808	-0.00038546186441601	0.99969244593722	-1.96018525945143	1.95941440029048	0	GO:0070481	1	1
346	a1	-0.000385429580473395	0.999916246078808	-0.00038546186441601	0.99969244593722	-1.96018525945143	1.95941440029048	0	GO:0071025	1	1
347	a1	-0.000385429580473395	0.999916246078808	-0.00038546186441601	0.99969244593722	-1.96018525945143	1.95941440029048	0	GO:0070651	1	1
348	a1	-0.000385429580473395	0.999916246078808	-0.00038546186441601	0.99969244593722	-1.96018525945143	1.95941440029048	0	GO:0071258	1	1
349	a1	-0.000385429580473395	0.999916246078808	-0.00038546186441601	0.99969244593722	-1.96018525945143	1.95941440029048	0	GO:1904303	1	1
350	a1	-0.000385429580473395	0.999916246078808	-0.00038546186441601	0.99969244593722	-1.96018525945143	1.95941440029048	0	GO:1904316	1	1
351	a1	-0.000385429580473395	0.999916246078808	-0.00038546186441601	0.99969244593722	-1.96018525945143	1.95941440029048	0	GO:1904317	1	1
352	a1	-0.000385429580473395	0.999916246078808	-0.00038546186441601	0.99969244593722	-1.96018525945143	1.95941440029048	0	GO:0032043	1	1
353	a1	-0.000385429580473395	0.999916246078808	-0.00038546186441601	0.99969244593722	-1.96018525945143	1.95941440029048	0	GO:0009445	1	1
354	a1	-0.000385429580473395	0.999916246078808	-0.00038546186441601	0.99969244593722	-1.96018525945143	1.95941440029048	0	GO:0035874	1	1
355	a1	-0.000385429580473395	0.999916246078808	-0.00038546186441601	0.99969244593722	-1.96018525945143	1.95941440029048	0	GO:0097185	1	1
356	a1	-0.000385429580473395	0.999916246078808	-0.00038546186441601	0.99969244593722	-1.96018525945143	1.95941440029048	0	GO:2000845	1	1
357	a1	-0.000385429580473395	0.999916246078808	-0.00038546186441601	0.99969244593722	-1.96018525945143	1.95941440029048	0	GO:0006743	1	1
358	a1	-0.000385429580473395	0.999916246078808	-0.00038546186441601	0.99969244593722	-1.96018525945143	1.95941440029048	0	GO:1904050	1	1
359	a1	-0.000385429580473395	0.999916246078808	-0.00038546186441601	0.99969244593722	-1.96018525945143	1.95941440029048	0	GO:1905302	1	1
360	a1	-0.000385429580473395	0.999916246078808	-0.00038546186441601	0.99969244593722	-1.96018525945143	1.95941440029048	0	GO:0045763	1	1
361	a1	-0.000385429580473395	0.999916246078808	-0.00038546186441601	0.99969244593722	-1.96018525945143	1.95941440029048	0	GO:0035340	1	1
362	a1	-0.000385429580473395	0.999916246078808	-0.00038546186441601	0.99969244593722	-1.96018525945143	1.95941440029048	0	GO:0005985	1	1
363	a1	-0.000385429580473395	0.999916246078808	-0.00038546186441601	0.99969244593722	-1.96018525945143	1.95941440029048	0	GO:0043181	1	1
364	a1	-0.000385429580473395	0.999916246078808	-0.00038546186441601	0.99969244593722	-1.96018525945143	1.95941440029048	0	GO:1905505	1	1
365	a1	-0.000385429580473395	0.999916246078808	-0.00038546186441601	0.99969244593722	-1.96018525945143	1.95941440029048	0	GO:0000707	1	1
366	a1	-0.000385429580473395	0.999916246078808	-0.00038546186441601	0.99969244593722	-1.96018525945143	1.95941440029048	0	GO:0007066	1	1
367	a1	-0.000385429580473395	0.999916246078808	-0.00038546186441601	0.99969244593722	-1.96018525945143	1.95941440029048	0	GO:0001695	1	1
368	a1	-0.000385429580473395	0.999916246078808	-0.00038546186441601	0.99969244593722	-1.96018525945143	1.95941440029048	0	GO:1902969	1	1
369	a1	-0.000385429580473395	0.999916246078808	-0.00038546186441601	0.99969244593722	-1.96018525945143	1.95941440029048	0	GO:0015861	1	1
370	a1	-0.000385429580473395	0.999916246078808	-0.00038546186441601	0.99969244593722	-1.96018525945143	1.95941440029048	0	GO:0009751	1	1
371	a1	-0.000385429580473395	0.999916246078808	-0.00038546186441601	0.99969244593722	-1.96018525945143	1.95941440029048	0	GO:0000453	1	1
372	a1	-0.000385429580473395	0.999916246078808	-0.00038546186441601	0.99969244593722	-1.96018525945143	1.95941440029048	0	GO:0060854	1	1
373	a1	-0.000385429580473395	0.999916246078808	-0.00038546186441601	0.99969244593722	-1.96018525945143	1.95941440029048	0	GO:0001980	1	1
374	a1	-0.000385429580473395	0.999916246078808	-0.00038546186441601	0.99969244593722	-1.96018525945143	1.95941440029048	0	GO:0046491	1	1
375	a1	-0.000385429580473395	0.999916246078808	-0.00038546186441601	0.99969244593722	-1.96018525945143	1.95941440029048	0	GO:0106134	1	1
376	a1	-0.000385429580473395	0.999916246078808	-0.00038546186441601	0.99969244593722	-1.96018525945143	1.95941440029048	0	GO:0097212	1	1
377	a1	-0.000385429580473395	0.999916246078808	-0.00038546186441601	0.99969244593722	-1.96018525945143	1.95941440029048	0	GO:0046458	1	1
378	a1	-0.000385429580473395	0.999916246078808	-0.00038546186441601	0.99969244593722	-1.96018525945143	1.95941440029048	0	GO:0006714	1	1
379	a1	-0.000385429580473395	0.999916246078808	-0.00038546186441601	0.99969244593722	-1.96018525945143	1.95941440029048	0	GO:0036047	1	1
380	a1	-0.000385429580473395	0.999916246078808	-0.00038546186441601	0.99969244593722	-1.96018525945143	1.95941440029048	0	GO:0010566	1	1
381	a1	-0.000385429580473395	0.999916246078808	-0.00038546186441601	0.99969244593722	-1.96018525945143	1.95941440029048	0	GO:0036046	1	1
382	a1	-0.000385429580473395	0.999916246078808	-0.00038546186441601	0.99969244593722	-1.96018525945143	1.95941440029048	0	GO:0036048	1	1
383	a1	-0.000385429580473395	0.999916246078808	-0.00038546186441601	0.99969244593722	-1.96018525945143	1.95941440029048	0	GO:0033045	1	1
384	a1	-0.000385429580473395	0.999916246078808	-0.00038546186441601	0.99969244593722	-1.96018525945143	1.95941440029048	0	GO:0030862	1	1
385	a1	-0.000385429580473395	0.999916246078808	-0.00038546186441601	0.99969244593722	-1.96018525945143	1.95941440029048	0	GO:0035844	1	1
386	a1	-0.000385429580473395	0.999916246078808	-0.00038546186441601	0.99969244593722	-1.96018525945143	1.95941440029048	0	GO:0039008	1	1
387	a1	-0.000385429580473395	0.999916246078808	-0.00038546186441601	0.99969244593722	-1.96018525945143	1.95941440029048	0	GO:0039023	1	1
388	a1	-0.000385429580473395	0.999916246078808	-0.00038546186441601	0.99969244593722	-1.96018525945143	1.95941440029048	0	GO:0070121	1	1
389	a1	-0.000385429580473395	0.999916246078808	-0.00038546186441601	0.99969244593722	-1.96018525945143	1.95941440029048	0	GO:1902251	1	1
390	a1	-0.000385429580473395	0.999916246078808	-0.00038546186441601	0.99969244593722	-1.96018525945143	1.95941440029048	0	GO:1903100	1	1
391	a1	-0.000385429580473395	0.999916246078808	-0.00038546186441601	0.99969244593722	-1.96018525945143	1.95941440029048	0	GO:0036138	1	1
392	a1	-0.000385429580473395	0.999916246078808	-0.00038546186441601	0.99969244593722	-1.96018525945143	1.95941440029048	0	GO:0042265	1	1
393	a1	-0.000385429580473395	0.999916246078808	-0.00038546186441601	0.99969244593722	-1.96018525945143	1.95941440029048	0	GO:0046031	1	1
394	a1	-0.000385429580473395	0.999916246078808	-0.00038546186441601	0.99969244593722	-1.96018525945143	1.95941440029048	0	GO:0071247	1	1
395	a1	-0.000385429580473395	0.999916246078808	-0.00038546186441601	0.99969244593722	-1.96018525945143	1.95941440029048	0	GO:1901423	1	1
396	a1	-0.000385429580473395	0.999916246078808	-0.00038546186441601	0.99969244593722	-1.96018525945143	1.95941440029048	0	GO:1902220	1	1
397	a1	-0.000385429580473395	0.999916246078808	-0.00038546186441601	0.99969244593722	-1.96018525945143	1.95941440029048	0	GO:1904710	1	1
398	a1	-0.000385429580473395	0.999916246078808	-0.00038546186441601	0.99969244593722	-1.96018525945143	1.95941440029048	0	GO:1903850	1	1
399	a1	-0.000385429580473395	0.999916246078808	-0.00038546186441601	0.99969244593722	-1.96018525945143	1.95941440029048	0	GO:1904025	1	1
400	a1	-0.000385429580473395	0.999916246078808	-0.00038546186441601	0.99969244593722	-1.96018525945143	1.95941440029048	0	GO:0021944	1	1
401	a1	-0.000385429580473395	0.999916246078808	-0.00038546186441601	0.99969244593722	-1.96018525945143	1.95941440029048	0	GO:1903976	1	1
402	a1	-0.000385429580473395	0.999916246078808	-0.00038546186441601	0.99969244593722	-1.96018525945143	1.95941440029048	0	GO:2000415	1	1
403	a1	-0.000385429580473395	0.999916246078808	-0.00038546186441601	0.99969244593722	-1.96018525945143	1.95941440029048	0	GO:2000420	1	1
404	a1	-0.000385429580473395	0.999916246078808	-0.00038546186441601	0.99969244593722	-1.96018525945143	1.95941440029048	0	GO:1902809	1	1
405	a1	-0.000385429580473395	0.999916246078808	-0.00038546186441601	0.99969244593722	-1.96018525945143	1.95941440029048	0	GO:1904731	1	1
406	a1	-0.000385429580473395	0.999916246078808	-0.00038546186441601	0.99969244593722	-1.96018525945143	1.95941440029048	0	GO:1901307	1	1
407	a1	-0.000385429580473395	0.999916246078808	-0.00038546186441601	0.99969244593722	-1.96018525945143	1.95941440029048	0	GO:0048239	1	1
408	a1	-0.000385429580473395	0.999916246078808	-0.00038546186441601	0.99969244593722	-1.96018525945143	1.95941440029048	0	GO:0060249	1	1
409	a1	-0.000385429580473395	0.999916246078808	-0.00038546186441601	0.99969244593722	-1.96018525945143	1.95941440029048	0	GO:0072214	1	1
410	a1	-0.000385429580473395	0.999916246078808	-0.00038546186441601	0.99969244593722	-1.96018525945143	1.95941440029048	0	GO:0072219	1	1
411	a1	-0.000385429580473395	0.999916246078808	-0.00038546186441601	0.99969244593722	-1.96018525945143	1.95941440029048	0	GO:0072235	1	1
412	a1	-0.000385429580473395	0.999916246078808	-0.00038546186441601	0.99969244593722	-1.96018525945143	1.95941440029048	0	GO:0061757	1	1
413	a1	-0.000385429580473395	0.999916246078808	-0.00038546186441601	0.99969244593722	-1.96018525945143	1.95941440029048	0	GO:0030026	1	1
414	a1	-0.000385429580473395	0.999916246078808	-0.00038546186441601	0.99969244593722	-1.96018525945143	1.95941440029048	0	GO:0097080	1	1
415	a1	-0.000385429580473395	0.999916246078808	-0.00038546186441601	0.99969244593722	-1.96018525945143	1.95941440029048	0	GO:1990540	1	1
416	a1	-0.000385429580473395	0.999916246078808	-0.00038546186441601	0.99969244593722	-1.96018525945143	1.95941440029048	0	GO:1903676	1	1
417	a1	-0.000385429580473395	0.999916246078808	-0.00038546186441601	0.99969244593722	-1.96018525945143	1.95941440029048	0	GO:0050783	1	1
418	a1	-0.000385429580473395	0.999916246078808	-0.00038546186441601	0.99969244593722	-1.96018525945143	1.95941440029048	0	GO:0019440	1	1
419	a1	-0.000385429580473395	0.999916246078808	-0.00038546186441601	0.99969244593722	-1.96018525945143	1.95941440029048	0	GO:1903725	1	1
420	a1	-0.000385429580473395	0.999916246078808	-0.00038546186441601	0.99969244593722	-1.96018525945143	1.95941440029048	0	GO:0010464	1	1
421	a1	-0.000385429580473395	0.999916246078808	-0.00038546186441601	0.99969244593722	-1.96018525945143	1.95941440029048	0	GO:0048219	1	1
422	a1	-0.000385429580473395	0.999916246078808	-0.00038546186441601	0.99969244593722	-1.96018525945143	1.95941440029048	0	GO:1901723	1	1
423	a1	-0.000385429580473395	0.999916246078808	-0.00038546186441601	0.99969244593722	-1.96018525945143	1.95941440029048	0	GO:1901859	1	1
424	a1	-0.000385429580473395	0.999916246078808	-0.00038546186441601	0.99969244593722	-1.96018525945143	1.95941440029048	0	GO:0043041	1	1
425	a1	-0.000385429580473395	0.999916246078808	-0.00038546186441601	0.99969244593722	-1.96018525945143	1.95941440029048	0	GO:0046657	1	1
426	a1	-0.000385429580473395	0.999916246078808	-0.00038546186441601	0.99969244593722	-1.96018525945143	1.95941440029048	0	GO:0050652	1	1
427	a1	-0.000385429580473395	0.999916246078808	-0.00038546186441601	0.99969244593722	-1.96018525945143	1.95941440029048	0	GO:0010819	1	1
428	a1	-0.000385429580473395	0.999916246078808	-0.00038546186441601	0.99969244593722	-1.96018525945143	1.95941440029048	0	GO:0032223	1	1
429	a1	-0.000385429580473395	0.999916246078808	-0.00038546186441601	0.99969244593722	-1.96018525945143	1.95941440029048	0	GO:0042823	1	1
430	a1	-0.000385429580473395	0.999916246078808	-0.00038546186441601	0.99969244593722	-1.96018525945143	1.95941440029048	0	GO:1901615	1	1
431	a1	-0.000385429580473395	0.999916246078808	-0.00038546186441601	0.99969244593722	-1.96018525945143	1.95941440029048	0	GO:0043471	1	1
432	a1	-0.000385429580473395	0.999916246078808	-0.00038546186441601	0.99969244593722	-1.96018525945143	1.95941440029048	0	GO:1904978	1	1
433	a1	-0.000385429580473395	0.999916246078808	-0.00038546186441601	0.99969244593722	-1.96018525945143	1.95941440029048	0	GO:0042636	1	1
434	a1	-0.000385429580473395	0.999916246078808	-0.00038546186441601	0.99969244593722	-1.96018525945143	1.95941440029048	0	GO:0070127	1	1
435	a1	-0.000385429580473395	0.999916246078808	-0.00038546186441601	0.99969244593722	-1.96018525945143	1.95941440029048	0	GO:1902553	1	1
436	a1	-0.000385429580473395	0.999916246078808	-0.00038546186441601	0.99969244593722	-1.96018525945143	1.95941440029048	0	GO:0070255	1	1
437	a1	-0.000385429580473395	0.999916246078808	-0.00038546186441601	0.99969244593722	-1.96018525945143	1.95941440029048	0	GO:1902939	1	1
438	a1	-0.000385429580473395	0.999916246078808	-0.00038546186441601	0.99969244593722	-1.96018525945143	1.95941440029048	0	GO:0022406	1	1
439	a1	-0.000385429580473395	0.999916246078808	-0.00038546186441601	0.99969244593722	-1.96018525945143	1.95941440029048	0	GO:1905835	1	1
440	a1	-0.000385429580473395	0.999916246078808	-0.00038546186441601	0.99969244593722	-1.96018525945143	1.95941440029048	0	GO:0072703	1	1
441	a1	-0.000385429580473395	0.999916246078808	-0.00038546186441601	0.99969244593722	-1.96018525945143	1.95941440029048	0	GO:1902064	1	1
442	a1	-0.000385429580473395	0.999916246078808	-0.00038546186441601	0.99969244593722	-1.96018525945143	1.95941440029048	0	GO:0022605	1	1
443	a1	-0.000385429580473395	0.999916246078808	-0.00038546186441601	0.99969244593722	-1.96018525945143	1.95941440029048	0	GO:0046588	1	1
444	a1	-0.000385429580473395	0.999916246078808	-0.00038546186441601	0.99969244593722	-1.96018525945143	1.95941440029048	0	GO:0070899	1	1
445	a1	-0.000385429580473395	0.999916246078808	-0.00038546186441601	0.99969244593722	-1.96018525945143	1.95941440029048	0	GO:1903900	1	1
446	a1	-0.000385429580473395	0.999916246078808	-0.00038546186441601	0.99969244593722	-1.96018525945143	1.95941440029048	0	GO:0035229	1	1
447	a1	-0.000385429580473395	0.999916246078808	-0.00038546186441601	0.99969244593722	-1.96018525945143	1.95941440029048	0	GO:0016269	1	1
448	a1	-0.000385429580473395	0.999916246078808	-0.00038546186441601	0.99969244593722	-1.96018525945143	1.95941440029048	0	GO:0051418	1	1
449	a1	-0.000385429580473395	0.999916246078808	-0.00038546186441601	0.99969244593722	-1.96018525945143	1.95941440029048	0	GO:0071441	1	1
450	a1	-0.000385429580473395	0.999916246078808	-0.00038546186441601	0.99969244593722	-1.96018525945143	1.95941440029048	0	GO:2000655	1	1
451	a1	-0.000385429580473395	0.999916246078808	-0.00038546186441601	0.99969244593722	-1.96018525945143	1.95941440029048	0	GO:1903946	1	1
452	a1	-0.000385429580473395	0.999916246078808	-0.00038546186441601	0.99969244593722	-1.96018525945143	1.95941440029048	0	GO:0060945	1	1
453	a1	-0.000385429580473395	0.999916246078808	-0.00038546186441601	0.99969244593722	-1.96018525945143	1.95941440029048	0	GO:0046900	1	1
454	a1	-0.000385429580473395	0.999916246078808	-0.00038546186441601	0.99969244593722	-1.96018525945143	1.95941440029048	0	GO:1902954	1	1
455	a1	-0.000385429580473395	0.999916246078808	-0.00038546186441601	0.99969244593722	-1.96018525945143	1.95941440029048	0	GO:1902073	1	1
456	a1	-0.000385429580473395	0.999916246078808	-0.00038546186441601	0.99969244593722	-1.96018525945143	1.95941440029048	0	GO:0033028	1	1
457	a1	-0.000385429580473395	0.999916246078808	-0.00038546186441601	0.99969244593722	-1.96018525945143	1.95941440029048	0	GO:1904439	1	1
458	a1	-0.000385429580473395	0.999916246078808	-0.00038546186441601	0.99969244593722	-1.96018525945143	1.95941440029048	0	GO:1903362	1	1
459	a1	-0.000385429580473395	0.999916246078808	-0.00038546186441601	0.99969244593722	-1.96018525945143	1.95941440029048	0	GO:0043538	1	1
460	a1	-0.000385429580473395	0.999916246078808	-0.00038546186441601	0.99969244593722	-1.96018525945143	1.95941440029048	0	GO:0061670	1	1
461	a1	-0.000385429580473395	0.999916246078808	-0.00038546186441601	0.99969244593722	-1.96018525945143	1.95941440029048	0	GO:0021558	1	1
462	a1	-0.000385429580473395	0.999916246078808	-0.00038546186441601	0.99969244593722	-1.96018525945143	1.95941440029048	0	GO:0045977	1	1
463	a1	-0.000385429580473395	0.999916246078808	-0.00038546186441601	0.99969244593722	-1.96018525945143	1.95941440029048	0	GO:0061106	1	1
464	a1	-0.000385429580473395	0.999916246078808	-0.00038546186441601	0.99969244593722	-1.96018525945143	1.95941440029048	0	GO:0072141	1	1
465	a1	-0.000385429580473395	0.999916246078808	-0.00038546186441601	0.99969244593722	-1.96018525945143	1.95941440029048	0	GO:1905934	1	1
466	a1	-0.000385429580473395	0.999916246078808	-0.00038546186441601	0.99969244593722	-1.96018525945143	1.95941440029048	0	GO:2000227	1	1
467	a1	-0.000385429580473395	0.999916246078808	-0.00038546186441601	0.99969244593722	-1.96018525945143	1.95941440029048	0	GO:0046057	1	1
468	a1	-0.000385429580473395	0.999916246078808	-0.00038546186441601	0.99969244593722	-1.96018525945143	1.95941440029048	0	GO:0046067	1	1
469	a1	-0.000385429580473395	0.999916246078808	-0.00038546186441601	0.99969244593722	-1.96018525945143	1.95941440029048	0	GO:0098506	1	1
470	a1	-0.000385429580473395	0.999916246078808	-0.00038546186441601	0.99969244593722	-1.96018525945143	1.95941440029048	0	GO:0000718	1	1
471	a1	-0.000385429580473395	0.999916246078808	-0.00038546186441601	0.99969244593722	-1.96018525945143	1.95941440029048	0	GO:0046939	1	1
472	a1	-0.000385429580473395	0.999916246078808	-0.00038546186441601	0.99969244593722	-1.96018525945143	1.95941440029048	0	GO:2000494	1	1
473	a1	-0.000385429580473395	0.999916246078808	-0.00038546186441601	0.99969244593722	-1.96018525945143	1.95941440029048	0	GO:1904414	1	1
474	a1	-0.000385429580473395	0.999916246078808	-0.00038546186441601	0.99969244593722	-1.96018525945143	1.95941440029048	0	GO:1905285	1	1
475	a1	-0.000385429580473395	0.999916246078808	-0.00038546186441601	0.99969244593722	-1.96018525945143	1.95941440029048	0	GO:0021998	1	1
476	a1	-0.000385429580473395	0.999916246078808	-0.00038546186441601	0.99969244593722	-1.96018525945143	1.95941440029048	0	GO:0048352	1	1
477	a1	-0.000385429580473395	0.999916246078808	-0.00038546186441601	0.99969244593722	-1.96018525945143	1.95941440029048	0	GO:0048378	1	1
478	a1	-0.000385429580473395	0.999916246078808	-0.00038546186441601	0.99969244593722	-1.96018525945143	1.95941440029048	0	GO:0060896	1	1
479	a1	-0.000385429580473395	0.999916246078808	-0.00038546186441601	0.99969244593722	-1.96018525945143	1.95941440029048	0	GO:0007634	1	1
480	a1	-0.000385429580473395	0.999916246078808	-0.00038546186441601	0.99969244593722	-1.96018525945143	1.95941440029048	0	GO:0033313	1	1
481	a1	-0.000385429580473395	0.999916246078808	-0.00038546186441601	0.99969244593722	-1.96018525945143	1.95941440029048	0	GO:0016101	1	1
482	a1	-0.000385429580473395	0.999916246078808	-0.00038546186441601	0.99969244593722	-1.96018525945143	1.95941440029048	0	GO:0042747	1	1
483	a1	-0.000385429580473395	0.999916246078808	-0.00038546186441601	0.99969244593722	-1.96018525945143	1.95941440029048	0	GO:0009154	1	1
484	a1	-0.000385429580473395	0.999916246078808	-0.00038546186441601	0.99969244593722	-1.96018525945143	1.95941440029048	0	GO:0046146	1	1
485	a1	-0.000385429580473395	0.999916246078808	-0.00038546186441601	0.99969244593722	-1.96018525945143	1.95941440029048	0	GO:0036514	1	1
486	a1	-0.000385429580473395	0.999916246078808	-0.00038546186441601	0.99969244593722	-1.96018525945143	1.95941440029048	0	GO:0036515	1	1
487	a1	-0.000385429580473395	0.999916246078808	-0.00038546186441601	0.99969244593722	-1.96018525945143	1.95941440029048	0	GO:0060588	1	1
488	a1	-0.000385429580473395	0.999916246078808	-0.00038546186441601	0.99969244593722	-1.96018525945143	1.95941440029048	0	GO:0030656	1	1
489	a1	-0.000385429580473395	0.999916246078808	-0.00038546186441601	0.99969244593722	-1.96018525945143	1.95941440029048	0	GO:0043921	1	1
490	a1	-0.000385429580473395	0.999916246078808	-0.00038546186441601	0.99969244593722	-1.96018525945143	1.95941440029048	0	GO:0010509	1	1
491	a1	-0.000385429580473395	0.999916246078808	-0.00038546186441601	0.99969244593722	-1.96018525945143	1.95941440029048	0	GO:0019376	1	1
492	a1	-0.000385429580473395	0.999916246078808	-0.00038546186441601	0.99969244593722	-1.96018525945143	1.95941440029048	0	GO:1902855	1	1
493	a1	-0.000385429580473395	0.999916246078808	-0.00038546186441601	0.99969244593722	-1.96018525945143	1.95941440029048	0	GO:0002432	1	1
494	a1	-0.000385429580473395	0.999916246078808	-0.00038546186441601	0.99969244593722	-1.96018525945143	1.95941440029048	0	GO:0070980	1	1
495	a1	-0.000385429580473395	0.999916246078808	-0.00038546186441601	0.99969244593722	-1.96018525945143	1.95941440029048	0	GO:0051238	1	1
496	a1	-0.000385429580473395	0.999916246078808	-0.00038546186441601	0.99969244593722	-1.96018525945143	1.95941440029048	0	GO:0002416	1	1
497	a1	-0.000385429580473395	0.999916246078808	-0.00038546186441601	0.99969244593722	-1.96018525945143	1.95941440029048	0	GO:0106217	1	1
498	a1	-0.000385429580473395	0.999916246078808	-0.00038546186441601	0.99969244593722	-1.96018525945143	1.95941440029048	0	GO:0018106	1	1
499	a1	-0.000385429580473395	0.999916246078808	-0.00038546186441601	0.99969244593722	-1.96018525945143	1.95941440029048	0	GO:0002590	1	1
500	a1	-0.000385429580473395	0.999916246078808	-0.00038546186441601	0.99969244593722	-1.96018525945143	1.95941440029048	0	GO:0046164	1	1
501	a1	-0.000385429580473395	0.999916246078808	-0.00038546186441601	0.99969244593722	-1.96018525945143	1.95941440029048	0	GO:0006067	1	1
502	a1	-0.000385429580473395	0.999916246078808	-0.00038546186441601	0.99969244593722	-1.96018525945143	1.95941440029048	0	GO:2000256	1	1
503	a1	-0.000385429580473395	0.999916246078808	-0.00038546186441601	0.99969244593722	-1.96018525945143	1.95941440029048	0	GO:0043060	1	1
504	a1	-0.000385429580473395	0.999916246078808	-0.00038546186441601	0.99969244593722	-1.96018525945143	1.95941440029048	0	GO:0032272	1	1
505	a1	-0.000385429580473395	0.999916246078808	-0.00038546186441601	0.99969244593722	-1.96018525945143	1.95941440029048	0	GO:0062030	1	1
506	a1	-0.000385429580473395	0.999916246078808	-0.00038546186441601	0.99969244593722	-1.96018525945143	1.95941440029048	0	GO:1901227	1	1
507	a1	-0.000385429580473395	0.999916246078808	-0.00038546186441601	0.99969244593722	-1.96018525945143	1.95941440029048	0	GO:0006049	1	1
508	a1	-0.000385429580473395	0.999916246078808	-0.00038546186441601	0.99969244593722	-1.96018525945143	1.95941440029048	0	GO:0051307	1	1
509	a1	-0.000385429580473395	0.999916246078808	-0.00038546186441601	0.99969244593722	-1.96018525945143	1.95941440029048	0	GO:0006174	1	1
510	a1	-0.000385429580473395	0.999916246078808	-0.00038546186441601	0.99969244593722	-1.96018525945143	1.95941440029048	0	GO:0006186	1	1
511	a1	-0.000385429580473395	0.999916246078808	-0.00038546186441601	0.99969244593722	-1.96018525945143	1.95941440029048	0	GO:0006756	1	1
512	a1	-0.000385429580473395	0.999916246078808	-0.00038546186441601	0.99969244593722	-1.96018525945143	1.95941440029048	0	GO:0006757	1	1
513	a1	-0.000385429580473395	0.999916246078808	-0.00038546186441601	0.99969244593722	-1.96018525945143	1.95941440029048	0	GO:0061508	1	1
514	a1	-0.000385429580473395	0.999916246078808	-0.00038546186441601	0.99969244593722	-1.96018525945143	1.95941440029048	0	GO:0061565	1	1
515	a1	-0.000385429580473395	0.999916246078808	-0.00038546186441601	0.99969244593722	-1.96018525945143	1.95941440029048	0	GO:0061566	1	1
516	a1	-0.000385429580473395	0.999916246078808	-0.00038546186441601	0.99969244593722	-1.96018525945143	1.95941440029048	0	GO:0061567	1	1
517	a1	-0.000385429580473395	0.999916246078808	-0.00038546186441601	0.99969244593722	-1.96018525945143	1.95941440029048	0	GO:0061568	1	1
518	a1	-0.000385429580473395	0.999916246078808	-0.00038546186441601	0.99969244593722	-1.96018525945143	1.95941440029048	0	GO:0061569	1	1
519	a1	-0.000385429580473395	0.999916246078808	-0.00038546186441601	0.99969244593722	-1.96018525945143	1.95941440029048	0	GO:0061570	1	1
520	a1	-0.000385429580473395	0.999916246078808	-0.00038546186441601	0.99969244593722	-1.96018525945143	1.95941440029048	0	GO:0061571	1	1
521	a1	-0.000385429580473395	0.999916246078808	-0.00038546186441601	0.99969244593722	-1.96018525945143	1.95941440029048	0	GO:1904828	1	1
522	a1	-0.000385429580473395	0.999916246078808	-0.00038546186441601	0.99969244593722	-1.96018525945143	1.95941440029048	0	GO:1990262	1	1
523	a1	-0.000385429580473395	0.999916246078808	-0.00038546186441601	0.99969244593722	-1.96018525945143	1.95941440029048	0	GO:0060127	1	1
524	a1	-0.000385429580473395	0.999916246078808	-0.00038546186441601	0.99969244593722	-1.96018525945143	1.95941440029048	0	GO:0031343	1	1
525	a1	-0.000385429580473395	0.999916246078808	-0.00038546186441601	0.99969244593722	-1.96018525945143	1.95941440029048	0	GO:0055113	1	1
526	a1	-0.000385429580473395	0.999916246078808	-0.00038546186441601	0.99969244593722	-1.96018525945143	1.95941440029048	0	GO:1905209	1	1
527	a1	-0.000385429580473395	0.999916246078808	-0.00038546186441601	0.99969244593722	-1.96018525945143	1.95941440029048	0	GO:0034627	1	1
528	a1	-0.000385429580473395	0.999916246078808	-0.00038546186441601	0.99969244593722	-1.96018525945143	1.95941440029048	0	GO:0036337	1	1
529	a1	-0.000385429580473395	0.999916246078808	-0.00038546186441601	0.99969244593722	-1.96018525945143	1.95941440029048	0	GO:0009229	1	1
530	a1	-0.000385429580473395	0.999916246078808	-0.00038546186441601	0.99969244593722	-1.96018525945143	1.95941440029048	0	GO:0006639	1	1
531	a1	-0.000385429580473395	0.999916246078808	-0.00038546186441601	0.99969244593722	-1.96018525945143	1.95941440029048	0	GO:0046587	1	1
532	a1	-0.000385429580473395	0.999916246078808	-0.00038546186441601	0.99969244593722	-1.96018525945143	1.95941440029048	0	GO:0009309	1	1
533	a1	-0.000385429580473395	0.999916246078808	-0.00038546186441601	0.99969244593722	-1.96018525945143	1.95941440029048	0	GO:0002678	1	1
534	a1	-0.000385429580473395	0.999916246078808	-0.00038546186441601	0.99969244593722	-1.96018525945143	1.95941440029048	0	GO:0046092	1	1
535	a1	-0.000385429580473395	0.999916246078808	-0.00038546186441601	0.99969244593722	-1.96018525945143	1.95941440029048	0	GO:0006404	1	1
536	a1	-0.000385429580473395	0.999916246078808	-0.00038546186441601	0.99969244593722	-1.96018525945143	1.95941440029048	0	GO:0010965	1	1
537	a1	-0.000385429580473395	0.999916246078808	-0.00038546186441601	0.99969244593722	-1.96018525945143	1.95941440029048	0	GO:0042038	1	1
538	a1	-0.000385429580473395	0.999916246078808	-0.00038546186441601	0.99969244593722	-1.96018525945143	1.95941440029048	0	GO:0090069	1	1
539	a1	-0.000385429580473395	0.999916246078808	-0.00038546186441601	0.99969244593722	-1.96018525945143	1.95941440029048	0	GO:0051582	1	1
540	a1	-0.000385429580473395	0.999916246078808	-0.00038546186441601	0.99969244593722	-1.96018525945143	1.95941440029048	0	GO:1904049	1	1
541	a1	-0.000385429580473395	0.999916246078808	-0.00038546186441601	0.99969244593722	-1.96018525945143	1.95941440029048	0	GO:0044248	1	1
542	a1	-0.000385429580473395	0.999916246078808	-0.00038546186441601	0.99969244593722	-1.96018525945143	1.95941440029048	0	GO:0010948	1	1
543	a1	-0.000385429580473395	0.999916246078808	-0.00038546186441601	0.99969244593722	-1.96018525945143	1.95941440029048	0	GO:0030264	1	1
544	a1	-0.000385429580473395	0.999916246078808	-0.00038546186441601	0.99969244593722	-1.96018525945143	1.95941440029048	0	GO:1903049	1	1
545	a1	-0.000385429580473395	0.999916246078808	-0.00038546186441601	0.99969244593722	-1.96018525945143	1.95941440029048	0	GO:0000917	1	1
546	a1	-0.000385429580473395	0.999916246078808	-0.00038546186441601	0.99969244593722	-1.96018525945143	1.95941440029048	0	GO:0051666	1	1
547	a1	-0.000385429580473395	0.999916246078808	-0.00038546186441601	0.99969244593722	-1.96018525945143	1.95941440029048	0	GO:0035782	1	1
548	a1	-0.000385429580473395	0.999916246078808	-0.00038546186441601	0.99969244593722	-1.96018525945143	1.95941440029048	0	GO:2000513	1	1
549	a1	-0.000385429580473395	0.999916246078808	-0.00038546186441601	0.99969244593722	-1.96018525945143	1.95941440029048	0	GO:2000518	1	1
550	a1	-0.000385429580473395	0.999916246078808	-0.00038546186441601	0.99969244593722	-1.96018525945143	1.95941440029048	0	GO:0060699	1	1
551	a1	-0.000385429580473395	0.999916246078808	-0.00038546186441601	0.99969244593722	-1.96018525945143	1.95941440029048	0	GO:0060735	1	1
552	a1	-0.000385429580473395	0.999916246078808	-0.00038546186441601	0.99969244593722	-1.96018525945143	1.95941440029048	0	GO:1902629	1	1
553	a1	-0.000385429580473395	0.999916246078808	-0.00038546186441601	0.99969244593722	-1.96018525945143	1.95941440029048	0	GO:0061772	1	1
554	a1	-0.000385429580473395	0.999916246078808	-0.00038546186441601	0.99969244593722	-1.96018525945143	1.95941440029048	0	GO:1903545	1	1
555	a1	-0.000385429580473395	0.999916246078808	-0.00038546186441601	0.99969244593722	-1.96018525945143	1.95941440029048	0	GO:1901074	1	1
556	a1	-0.000385429580473395	0.999916246078808	-0.00038546186441601	0.99969244593722	-1.96018525945143	1.95941440029048	0	GO:1905128	1	1
557	a1	-0.000385429580473395	0.999916246078808	-0.00038546186441601	0.99969244593722	-1.96018525945143	1.95941440029048	0	GO:2000771	1	1
558	a1	-0.000385429580473395	0.999916246078808	-0.00038546186441601	0.99969244593722	-1.96018525945143	1.95941440029048	0	GO:0070586	1	1
559	a1	-0.000385429580473395	0.999916246078808	-0.00038546186441601	0.99969244593722	-1.96018525945143	1.95941440029048	0	GO:0010905	1	1
560	a1	-0.000385429580473395	0.999916246078808	-0.00038546186441601	0.99969244593722	-1.96018525945143	1.95941440029048	0	GO:0071879	1	1
561	a1	-0.000385429580473395	0.999916246078808	-0.00038546186441601	0.99969244593722	-1.96018525945143	1.95941440029048	0	GO:1904227	1	1
562	a1	-0.000385429580473395	0.999916246078808	-0.00038546186441601	0.99969244593722	-1.96018525945143	1.95941440029048	0	GO:1902161	1	1
563	a1	-0.000385429580473395	0.999916246078808	-0.00038546186441601	0.99969244593722	-1.96018525945143	1.95941440029048	0	GO:0018003	1	1
564	a1	-0.000385429580473395	0.999916246078808	-0.00038546186441601	0.99969244593722	-1.96018525945143	1.95941440029048	0	GO:0003029	1	1
565	a1	-0.000385429580473395	0.999916246078808	-0.00038546186441601	0.99969244593722	-1.96018525945143	1.95941440029048	0	GO:1903125	1	1
566	a1	-0.000385429580473395	0.999916246078808	-0.00038546186441601	0.99969244593722	-1.96018525945143	1.95941440029048	0	GO:1904887	1	1
567	a1	-0.000385429580473395	0.999916246078808	-0.00038546186441601	0.99969244593722	-1.96018525945143	1.95941440029048	0	GO:2000469	1	1
568	a1	-0.000385429580473395	0.999916246078808	-0.00038546186441601	0.99969244593722	-1.96018525945143	1.95941440029048	0	GO:2000003	1	1
569	a1	-0.000385429580473395	0.999916246078808	-0.00038546186441601	0.99969244593722	-1.96018525945143	1.95941440029048	0	GO:0043063	1	1
570	a1	-0.000385429580473395	0.999916246078808	-0.00038546186441601	0.99969244593722	-1.96018525945143	1.95941440029048	0	GO:0003236	1	1
571	a1	-0.000385429580473395	0.999916246078808	-0.00038546186441601	0.99969244593722	-1.96018525945143	1.95941440029048	0	GO:0003259	1	1
572	a1	-0.000385429580473395	0.999916246078808	-0.00038546186441601	0.99969244593722	-1.96018525945143	1.95941440029048	0	GO:0003260	1	1
573	a1	-0.000385429580473395	0.999916246078808	-0.00038546186441601	0.99969244593722	-1.96018525945143	1.95941440029048	0	GO:0042664	1	1
574	a1	-0.000385429580473395	0.999916246078808	-0.00038546186441601	0.99969244593722	-1.96018525945143	1.95941440029048	0	GO:0060921	1	1
575	a1	-0.000385429580473395	0.999916246078808	-0.00038546186441601	0.99969244593722	-1.96018525945143	1.95941440029048	0	GO:0060975	1	1
576	a1	-0.000385429580473395	0.999916246078808	-0.00038546186441601	0.99969244593722	-1.96018525945143	1.95941440029048	0	GO:0070368	1	1
577	a1	-0.000385429580473395	0.999916246078808	-0.00038546186441601	0.99969244593722	-1.96018525945143	1.95941440029048	0	GO:0060116	1	1
578	a1	-0.000385429580473395	0.999916246078808	-0.00038546186441601	0.99969244593722	-1.96018525945143	1.95941440029048	0	GO:0035395	1	1
579	a1	-0.000385429580473395	0.999916246078808	-0.00038546186441601	0.99969244593722	-1.96018525945143	1.95941440029048	0	GO:0090219	1	1
580	a1	-0.000385429580473395	0.999916246078808	-0.00038546186441601	0.99969244593722	-1.96018525945143	1.95941440029048	0	GO:0006948	1	1
581	a1	-0.000385429580473395	0.999916246078808	-0.00038546186441601	0.99969244593722	-1.96018525945143	1.95941440029048	0	GO:0097045	1	1
582	a1	-0.000385429580473395	0.999916246078808	-0.00038546186441601	0.99969244593722	-1.96018525945143	1.95941440029048	0	GO:0036363	1	1
583	a1	-0.000385429580473395	0.999916246078808	-0.00038546186441601	0.99969244593722	-1.96018525945143	1.95941440029048	0	GO:0055048	1	1
584	a1	-0.000385429580473395	0.999916246078808	-0.00038546186441601	0.99969244593722	-1.96018525945143	1.95941440029048	0	GO:1902365	1	1
585	a1	-0.000385429580473395	0.999916246078808	-0.00038546186441601	0.99969244593722	-1.96018525945143	1.95941440029048	0	GO:1902846	1	1
586	a1	-0.000385429580473395	0.999916246078808	-0.00038546186441601	0.99969244593722	-1.96018525945143	1.95941440029048	0	GO:1990697	1	1
587	a1	-0.000385429580473395	0.999916246078808	-0.00038546186441601	0.99969244593722	-1.96018525945143	1.95941440029048	0	GO:0098813	1	1
588	a1	-0.000385429580473395	0.999916246078808	-0.00038546186441601	0.99969244593722	-1.96018525945143	1.95941440029048	0	GO:0002737	1	1
589	a1	-0.000385429580473395	0.999916246078808	-0.00038546186441601	0.99969244593722	-1.96018525945143	1.95941440029048	0	GO:0043604	1	1
590	a1	-0.000385429580473395	0.999916246078808	-0.00038546186441601	0.99969244593722	-1.96018525945143	1.95941440029048	0	GO:2000275	1	1
591	a1	-0.000385429580473395	0.999916246078808	-0.00038546186441601	0.99969244593722	-1.96018525945143	1.95941440029048	0	GO:0030421	1	1
592	a1	-0.000385429580473395	0.999916246078808	-0.00038546186441601	0.99969244593722	-1.96018525945143	1.95941440029048	0	GO:0048290	1	1
593	a1	-0.000385429580473395	0.999916246078808	-0.00038546186441601	0.99969244593722	-1.96018525945143	1.95941440029048	0	GO:1904156	1	1
594	a1	-0.000385429580473395	0.999916246078808	-0.00038546186441601	0.99969244593722	-1.96018525945143	1.95941440029048	0	GO:0010446	1	1
595	a1	-0.000385429580473395	0.999916246078808	-0.00038546186441601	0.99969244593722	-1.96018525945143	1.95941440029048	0	GO:0070253	1	1
596	a1	-0.000385429580473395	0.999916246078808	-0.00038546186441601	0.99969244593722	-1.96018525945143	1.95941440029048	0	GO:1903286	1	1
597	a1	-0.000385429580473395	0.999916246078808	-0.00038546186441601	0.99969244593722	-1.96018525945143	1.95941440029048	0	GO:1903760	1	1
598	a1	-0.000385429580473395	0.999916246078808	-0.00038546186441601	0.99969244593722	-1.96018525945143	1.95941440029048	0	GO:1903764	1	1
599	a1	-0.000385429580473395	0.999916246078808	-0.00038546186441601	0.99969244593722	-1.96018525945143	1.95941440029048	0	GO:0051391	1	1
600	a1	-0.000385429580473395	0.999916246078808	-0.00038546186441601	0.99969244593722	-1.96018525945143	1.95941440029048	0	GO:1904812	1	1
601	a1	-0.000385429580473395	0.999916246078808	-0.00038546186441601	0.99969244593722	-1.96018525945143	1.95941440029048	0	GO:0062112	1	1
602	a1	-0.000385429580473395	0.999916246078808	-0.00038546186441601	0.99969244593722	-1.96018525945143	1.95941440029048	0	GO:0018032	1	1
603	a1	-0.000385429580473395	0.999916246078808	-0.00038546186441601	0.99969244593722	-1.96018525945143	1.95941440029048	0	GO:2000626	1	1
604	a1	-0.000385429580473395	0.999916246078808	-0.00038546186441601	0.99969244593722	-1.96018525945143	1.95941440029048	0	GO:0140367	1	1
605	a1	-0.000385429580473395	0.999916246078808	-0.00038546186441601	0.99969244593722	-1.96018525945143	1.95941440029048	0	GO:0048857	1	1
606	a1	-0.000385429580473395	0.999916246078808	-0.00038546186441601	0.99969244593722	-1.96018525945143	1.95941440029048	0	GO:0010070	1	1
607	a1	-0.000385429580473395	0.999916246078808	-0.00038546186441601	0.99969244593722	-1.96018525945143	1.95941440029048	0	GO:0072432	1	1
608	a1	-0.000385429580473395	0.999916246078808	-0.00038546186441601	0.99969244593722	-1.96018525945143	1.95941440029048	0	GO:0033860	1	1
609	a1	-0.000385429580473395	0.999916246078808	-0.00038546186441601	0.99969244593722	-1.96018525945143	1.95941440029048	0	GO:1902623	1	1
610	a1	-0.000385429580473395	0.999916246078808	-0.00038546186441601	0.99969244593722	-1.96018525945143	1.95941440029048	0	GO:2000509	1	1
611	a1	-0.000385429580473395	0.999916246078808	-0.00038546186441601	0.99969244593722	-1.96018525945143	1.95941440029048	0	GO:0002336	1	1
612	a1	-0.000385429580473395	0.999916246078808	-0.00038546186441601	0.99969244593722	-1.96018525945143	1.95941440029048	0	GO:0019402	1	1
613	a1	-0.000385429580473395	0.999916246078808	-0.00038546186441601	0.99969244593722	-1.96018525945143	1.95941440029048	0	GO:0061623	1	1
614	a1	-0.000385429580473395	0.999916246078808	-0.00038546186441601	0.99969244593722	-1.96018525945143	1.95941440029048	0	GO:0010900	1	1
615	a1	-0.000385429580473395	0.999916246078808	-0.00038546186441601	0.99969244593722	-1.96018525945143	1.95941440029048	0	GO:0034369	1	1
616	a1	-0.000385429580473395	0.999916246078808	-0.00038546186441601	0.99969244593722	-1.96018525945143	1.95941440029048	0	GO:0042946	1	1
617	a1	-0.000385429580473395	0.999916246078808	-0.00038546186441601	0.99969244593722	-1.96018525945143	1.95941440029048	0	GO:0006678	1	1
618	a1	-0.000385429580473395	0.999916246078808	-0.00038546186441601	0.99969244593722	-1.96018525945143	1.95941440029048	0	GO:0014004	1	1
619	a1	-0.000385429580473395	0.999916246078808	-0.00038546186441601	0.99969244593722	-1.96018525945143	1.95941440029048	0	GO:1901805	1	1
620	a1	-0.000385429580473395	0.999916246078808	-0.00038546186441601	0.99969244593722	-1.96018525945143	1.95941440029048	0	GO:1904457	1	1
621	a1	-0.000385429580473395	0.999916246078808	-0.00038546186441601	0.99969244593722	-1.96018525945143	1.95941440029048	0	GO:0016132	1	1
622	a1	-0.000385429580473395	0.999916246078808	-0.00038546186441601	0.99969244593722	-1.96018525945143	1.95941440029048	0	GO:1902511	1	1
623	a1	-0.000385429580473395	0.999916246078808	-0.00038546186441601	0.99969244593722	-1.96018525945143	1.95941440029048	0	GO:0032076	1	1
624	a1	-0.000385429580473395	0.999916246078808	-0.00038546186441601	0.99969244593722	-1.96018525945143	1.95941440029048	0	GO:0070571	1	1
625	a1	-0.000385429580473395	0.999916246078808	-0.00038546186441601	0.99969244593722	-1.96018525945143	1.95941440029048	0	GO:0002839	1	1
626	a1	-0.000385429580473395	0.999916246078808	-0.00038546186441601	0.99969244593722	-1.96018525945143	1.95941440029048	0	GO:0018160	1	1
627	a1	-0.000385429580473395	0.999916246078808	-0.00038546186441601	0.99969244593722	-1.96018525945143	1.95941440029048	0	GO:0001680	1	1
628	a1	-0.000385429580473395	0.999916246078808	-0.00038546186441601	0.99969244593722	-1.96018525945143	1.95941440029048	0	GO:0018200	1	1
629	a1	-0.000385429580473395	0.999916246078808	-0.00038546186441601	0.99969244593722	-1.96018525945143	1.95941440029048	0	GO:0060731	1	1
630	a1	-0.000385429580473395	0.999916246078808	-0.00038546186441601	0.99969244593722	-1.96018525945143	1.95941440029048	0	GO:0070715	1	1
631	a1	-0.000385429580473395	0.999916246078808	-0.00038546186441601	0.99969244593722	-1.96018525945143	1.95941440029048	0	GO:1902270	1	1
632	a1	-0.000385429580473395	0.999916246078808	-0.00038546186441601	0.99969244593722	-1.96018525945143	1.95941440029048	0	GO:0033594	1	1
633	a1	-0.000385429580473395	0.999916246078808	-0.00038546186441601	0.99969244593722	-1.96018525945143	1.95941440029048	0	GO:0070661	1	1
634	a1	-0.000385429580473395	0.999916246078808	-0.00038546186441601	0.99969244593722	-1.96018525945143	1.95941440029048	0	GO:0070963	1	1
635	a1	-0.000385429580473395	0.999916246078808	-0.00038546186441601	0.99969244593722	-1.96018525945143	1.95941440029048	0	GO:0098937	1	1
636	a1	-0.000385429580473395	0.999916246078808	-0.00038546186441601	0.99969244593722	-1.96018525945143	1.95941440029048	0	GO:0006386	1	1
637	a1	-0.000385429580473395	0.999916246078808	-0.00038546186441601	0.99969244593722	-1.96018525945143	1.95941440029048	0	GO:0071654	1	1
638	a1	-0.000385429580473395	0.999916246078808	-0.00038546186441601	0.99969244593722	-1.96018525945143	1.95941440029048	0	GO:0010625	1	1
639	a1	-0.000385429580473395	0.999916246078808	-0.00038546186441601	0.99969244593722	-1.96018525945143	1.95941440029048	0	GO:0033514	1	1
640	a1	-0.000385429580473395	0.999916246078808	-0.00038546186441601	0.99969244593722	-1.96018525945143	1.95941440029048	0	GO:0150175	1	1
641	a1	-0.000385429580473395	0.999916246078808	-0.00038546186441601	0.99969244593722	-1.96018525945143	1.95941440029048	0	GO:0150178	1	1
642	a1	-0.000385429580473395	0.999916246078808	-0.00038546186441601	0.99969244593722	-1.96018525945143	1.95941440029048	0	GO:0140329	1	1
643	a1	-0.000385429580473395	0.999916246078808	-0.00038546186441601	0.99969244593722	-1.96018525945143	1.95941440029048	0	GO:0002882	1	1
644	a1	-0.000385429580473395	0.999916246078808	-0.00038546186441601	0.99969244593722	-1.96018525945143	1.95941440029048	0	GO:0070407	1	1
645	a1	-0.000385429580473395	0.999916246078808	-0.00038546186441601	0.99969244593722	-1.96018525945143	1.95941440029048	0	GO:0070367	1	1
646	a1	-0.000385429580473395	0.999916246078808	-0.00038546186441601	0.99969244593722	-1.96018525945143	1.95941440029048	0	GO:0035705	1	1
647	a1	-0.000385429580473395	0.999916246078808	-0.00038546186441601	0.99969244593722	-1.96018525945143	1.95941440029048	0	GO:0043310	1	1
648	a1	-0.000385429580473395	0.999916246078808	-0.00038546186441601	0.99969244593722	-1.96018525945143	1.95941440029048	0	GO:0061756	1	1
649	a1	-0.000385429580473395	0.999916246078808	-0.00038546186441601	0.99969244593722	-1.96018525945143	1.95941440029048	0	GO:2000451	1	1
650	a1	-0.000385429580473395	0.999916246078808	-0.00038546186441601	0.99969244593722	-1.96018525945143	1.95941440029048	0	GO:2000464	1	1
651	a1	-0.000385429580473395	0.999916246078808	-0.00038546186441601	0.99969244593722	-1.96018525945143	1.95941440029048	0	GO:0051052	1	1
652	a1	-0.000385429580473395	0.999916246078808	-0.00038546186441601	0.99969244593722	-1.96018525945143	1.95941440029048	0	GO:0034729	1	1
653	a1	-0.000385429580473395	0.999916246078808	-0.00038546186441601	0.99969244593722	-1.96018525945143	1.95941440029048	0	GO:0097734	1	1
654	a1	-0.000385429580473395	0.999916246078808	-0.00038546186441601	0.99969244593722	-1.96018525945143	1.95941440029048	0	GO:1902047	1	1
655	a1	-0.000385429580473395	0.999916246078808	-0.00038546186441601	0.99969244593722	-1.96018525945143	1.95941440029048	0	GO:1903710	1	1
656	a1	-0.000385429580473395	0.999916246078808	-0.00038546186441601	0.99969244593722	-1.96018525945143	1.95941440029048	0	GO:1990938	1	1
657	a1	-0.000385429580473395	0.999916246078808	-0.00038546186441601	0.99969244593722	-1.96018525945143	1.95941440029048	0	GO:2000152	1	1
658	a1	-0.000385429580473395	0.999916246078808	-0.00038546186441601	0.99969244593722	-1.96018525945143	1.95941440029048	0	GO:0034146	1	1
659	a1	-0.000385429580473395	0.999916246078808	-0.00038546186441601	0.99969244593722	-1.96018525945143	1.95941440029048	0	GO:0045685	1	1
660	a1	-0.000385429580473395	0.999916246078808	-0.00038546186441601	0.99969244593722	-1.96018525945143	1.95941440029048	0	GO:0061534	1	1
661	a1	-0.000385429580473395	0.999916246078808	-0.00038546186441601	0.99969244593722	-1.96018525945143	1.95941440029048	0	GO:0061535	1	1
662	a1	-0.000385429580473395	0.999916246078808	-0.00038546186441601	0.99969244593722	-1.96018525945143	1.95941440029048	0	GO:0098597	1	1
663	a1	-0.000385429580473395	0.999916246078808	-0.00038546186441601	0.99969244593722	-1.96018525945143	1.95941440029048	0	GO:0098972	1	1
664	a1	-0.000385429580473395	0.999916246078808	-0.00038546186441601	0.99969244593722	-1.96018525945143	1.95941440029048	0	GO:0045660	1	1
665	a1	-0.000385429580473395	0.999916246078808	-0.00038546186441601	0.99969244593722	-1.96018525945143	1.95941440029048	0	GO:0044779	1	1
666	a1	-0.000385429580473395	0.999916246078808	-0.00038546186441601	0.99969244593722	-1.96018525945143	1.95941440029048	0	GO:0044795	1	1
667	a1	-0.000385429580473395	0.999916246078808	-0.00038546186441601	0.99969244593722	-1.96018525945143	1.95941440029048	0	GO:2000612	1	1
668	a1	-0.000385429580473395	0.999916246078808	-0.00038546186441601	0.99969244593722	-1.96018525945143	1.95941440029048	0	GO:0009071	1	1
669	a1	-0.000385429580473395	0.999916246078808	-0.00038546186441601	0.99969244593722	-1.96018525945143	1.95941440029048	0	GO:0046360	1	1
670	a1	-0.000385429580473395	0.999916246078808	-0.00038546186441601	0.99969244593722	-1.96018525945143	1.95941440029048	0	GO:0021808	1	1
671	a1	-0.000385429580473395	0.999916246078808	-0.00038546186441601	0.99969244593722	-1.96018525945143	1.95941440029048	0	GO:0150063	1	1
672	a1	-0.000385429580473395	0.999916246078808	-0.00038546186441601	0.99969244593722	-1.96018525945143	1.95941440029048	0	GO:0061400	1	1
673	a1	-0.000385429580473395	0.999916246078808	-0.00038546186441601	0.99969244593722	-1.96018525945143	1.95941440029048	0	GO:1904750	1	1
674	a1	-0.000385429580473395	0.999916246078808	-0.00038546186441601	0.99969244593722	-1.96018525945143	1.95941440029048	0	GO:1902340	1	1
675	a1	-0.000385429580473395	0.999916246078808	-0.00038546186441601	0.99969244593722	-1.96018525945143	1.95941440029048	0	GO:0033059	1	1
676	a1	-0.000385429580473395	0.999916246078808	-0.00038546186441601	0.99969244593722	-1.96018525945143	1.95941440029048	0	GO:0060734	1	1
677	a1	-0.000385429580473395	0.999916246078808	-0.00038546186441601	0.99969244593722	-1.96018525945143	1.95941440029048	0	GO:0060330	1	1
678	a1	-0.000385429580473395	0.999916246078808	-0.00038546186441601	0.99969244593722	-1.96018525945143	1.95941440029048	0	GO:1901666	1	1
679	a1	-0.000385429580473395	0.999916246078808	-0.00038546186441601	0.99969244593722	-1.96018525945143	1.95941440029048	0	GO:0031937	1	1
680	a1	-0.000385429580473395	0.999916246078808	-0.00038546186441601	0.99969244593722	-1.96018525945143	1.95941440029048	0	GO:2001253	1	1
681	a1	-0.000385429580473395	0.999916246078808	-0.00038546186441601	0.99969244593722	-1.96018525945143	1.95941440029048	0	GO:0036116	1	1
682	a1	-0.000385429580473395	0.999916246078808	-0.00038546186441601	0.99969244593722	-1.96018525945143	1.95941440029048	0	GO:1900535	1	1
683	a1	-0.000385429580473395	0.999916246078808	-0.00038546186441601	0.99969244593722	-1.96018525945143	1.95941440029048	0	GO:1905314	1	1
684	a1	-0.000385429580473395	0.999916246078808	-0.00038546186441601	0.99969244593722	-1.96018525945143	1.95941440029048	0	GO:2000266	1	1
685	a1	-0.000385429580473395	0.999916246078808	-0.00038546186441601	0.99969244593722	-1.96018525945143	1.95941440029048	0	GO:1905580	1	1
686	a1	-0.000385429580473395	0.999916246078808	-0.00038546186441601	0.99969244593722	-1.96018525945143	1.95941440029048	0	GO:0120078	1	1
687	a1	-0.000385429580473395	0.999916246078808	-0.00038546186441601	0.99969244593722	-1.96018525945143	1.95941440029048	0	GO:0070409	1	1
688	a1	-0.000385429580473395	0.999916246078808	-0.00038546186441601	0.99969244593722	-1.96018525945143	1.95941440029048	0	GO:0086069	1	1
689	a1	-0.000385429580473395	0.999916246078808	-0.00038546186441601	0.99969244593722	-1.96018525945143	1.95941440029048	0	GO:1902362	1	1
690	a1	-0.000385429580473395	0.999916246078808	-0.00038546186441601	0.99969244593722	-1.96018525945143	1.95941440029048	0	GO:1903054	1	1
691	a1	-0.000385429580473395	0.999916246078808	-0.00038546186441601	0.99969244593722	-1.96018525945143	1.95941440029048	0	GO:0071036	1	1
692	a1	-0.000385429580473395	0.999916246078808	-0.00038546186441601	0.99969244593722	-1.96018525945143	1.95941440029048	0	GO:0071037	1	1
693	a1	-0.000385429580473395	0.999916246078808	-0.00038546186441601	0.99969244593722	-1.96018525945143	1.95941440029048	0	GO:0071039	1	1
694	a1	-0.000385429580473395	0.999916246078808	-0.00038546186441601	0.99969244593722	-1.96018525945143	1.95941440029048	0	GO:0071040	1	1
695	a1	-0.000385429580473395	0.999916246078808	-0.00038546186441601	0.99969244593722	-1.96018525945143	1.95941440029048	0	GO:0001770	1	1
696	a1	-0.000385429580473395	0.999916246078808	-0.00038546186441601	0.99969244593722	-1.96018525945143	1.95941440029048	0	GO:1902045	1	1
697	a1	-0.000385429580473395	0.999916246078808	-0.00038546186441601	0.99969244593722	-1.96018525945143	1.95941440029048	0	GO:0051695	1	1
698	a1	-0.000385429580473395	0.999916246078808	-0.00038546186441601	0.99969244593722	-1.96018525945143	1.95941440029048	0	GO:0070861	1	1
699	a1	-0.000385429580473395	0.999916246078808	-0.00038546186441601	0.99969244593722	-1.96018525945143	1.95941440029048	0	GO:0046705	1	1
700	a1	-0.000385429580473395	0.999916246078808	-0.00038546186441601	0.99969244593722	-1.96018525945143	1.95941440029048	0	GO:0071351	1	1
701	a1	-0.000385429580473395	0.999916246078808	-0.00038546186441601	0.99969244593722	-1.96018525945143	1.95941440029048	0	GO:1904456	1	1
702	a1	-0.000385429580473395	0.999916246078808	-0.00038546186441601	0.99969244593722	-1.96018525945143	1.95941440029048	0	GO:1905048	1	1
703	a1	-0.000385429580473395	0.999916246078808	-0.00038546186441601	0.99969244593722	-1.96018525945143	1.95941440029048	0	GO:1901148	1	1
704	a1	-0.000385429580473395	0.999916246078808	-0.00038546186441601	0.99969244593722	-1.96018525945143	1.95941440029048	0	GO:0061842	1	1
705	a1	-0.000385429580473395	0.999916246078808	-0.00038546186441601	0.99969244593722	-1.96018525945143	1.95941440029048	0	GO:0033274	1	1
